0.06	0.0	3.009473917343329e-05	4.366855728220103e-06	9.726942247831238e-05	0.9017046603235319	
0.06	4e-05	3.022865691106983e-05	4.386075140026908e-06	9.758266383657648e-05	0.9060425445346818	
0.06	8e-05	3.0363508302678584e-05	4.405425638574957e-06	9.789747766010724e-05	0.9104123811291933	
0.06	0.00012	3.0499302370504737e-05	4.424908448610726e-06	9.821387498935627e-05	0.9148144906799205	
0.06	0.00016	3.063604824968257e-05	4.444524809522407e-06	9.85318669679102e-05	0.9192491978688546	
0.06	0.0002	3.077375518998587e-05	4.464275975554403e-06	9.885146484374468e-05	0.9237168315517228	
0.06	0.00024	3.091243255761141e-05	4.484163216025614e-06	9.917267997050031e-05	0.9282177248238215	
0.06	0.00028	3.1052089836995394e-05	4.504187815551503e-06	9.949552380877688e-05	0.9327522150870643	
0.06	0.00032	3.1192736632664266e-05	4.5243510742700845e-06	9.982000792744974e-05	0.9373206441183239	
0.06	0.00036	3.133438267111998e-05	4.54465430807187e-06	0.00010014614400500604	0.9419233581390347	
0.06	0.0004	3.14770378027613e-05	4.5650988488338605e-06	0.00010047394383090326	0.9465607078861428	
0.06	0.00044	3.1620712003841206e-05	4.585686044657699e-06	0.00010080341930694857	0.9512330486843901	
0.06	0.00048	3.176541537846142e-05	4.606417260112033e-06	0.00010113458244870179	0.9559407405199867	
0.06	0.00052	3.191115816060512e-05	4.627293876479166e-06	0.00010146744538689999	0.9606841481156972	
0.06	0.00056	3.20579507162085e-05	4.648317292006176e-06	0.00010180202036890625	0.9654636410073583	
0.06	0.0006	3.220580354527192e-05	4.669488922160432e-06	0.00010213831976018135	0.9702795936218824	
0.06	0.00064	3.2354727284011954e-05	4.690810199889768e-06	0.0001024763560457804	0.9751323853567697	
0.06	0.00068	3.2504732707054656e-05	4.712282575887314e-06	0.00010281614183187425	0.9800224006611569	
0.06	0.00072	3.2655830729671635e-05	4.733907518861093e-06	0.00010315768984729532	0.9849500291184479	
0.06	0.00076	3.2808032410059386e-05	4.755686515808513e-06	0.00010350101294511072	0.9899156655305512	
0.06	0.0008	3.296134895166315e-05	4.777621072295836e-06	0.00010384612410422022	0.9949197100037831	
0.06	0.00084	3.311579170554624e-05	4.799712712742744e-06	0.0001041930364309828	0.9999625680364428	
0.06	0.00088	3.327137217280607e-05	4.821962980712055e-06	0.00010454176316086966	1.0050446506081157	
0.06	0.00092	3.342810200703715e-05	4.844373439204844e-06	0.00010489231766014551	1.010166374270761	
0.06	0.00096	3.358599301684381e-05	4.866945670960875e-06	0.00010524471342757942	1.015328161241581	
0.06	0.001	3.374505716840163e-05	4.889681278764602e-06	0.00010559896409618471	1.0205304394977603	
0.06	0.00104	3.3905306588070844e-05	4.912581885756885e-06	0.00010595508343498844	1.025773642873087	
0.06	0.00108	3.4066753565061095e-05	4.9356491357524014e-06	0.00010631308535083314	1.0310582111565139	
0.06	0.00112	3.422941055415036e-05	4.9588846935629935e-06	0.00010667298389020841	1.0363845901927031	
0.06	0.00116	3.4393290178457815e-05	4.982290245327053e-06	0.00010703479324111566	1.0417532319845937	
0.06	0.0012	3.455840523227319e-05	5.005867498845054e-06	0.00010739852773496616	1.0471645947980506	
0.06	0.00124	3.472476868394327e-05	5.029618183921371e-06	0.00010776420184851207	1.0526191432686383	
0.06	0.00128	3.489239367881676e-05	5.0535440527125674e-06	0.00010813183020581246	1.0581173485105762	
0.06	0.00132	3.5061293542249944e-05	5.077646880082208e-06	0.00010850142758023448	1.0636596882279012	
0.06	0.00136	3.5231481782672705e-05	5.101928463962408e-06	0.00010887300889649087	1.0692466468279465	
0.06	0.0014	3.5402972094718615e-05	5.1263906257222895e-06	0.00010924658923271437	1.0748787155371176	
0.06	0.00144	3.5575778362418875e-05	5.151035210543405e-06	0.00010962218382257057	1.080556392519095	
0.06	0.00148	3.57499146624626e-05	5.1758640878023415e-06	0.00010999980805740894	1.0862801829954574	
0.06	0.00152	3.592539526752453e-05	5.200879151460699e-06	0.00011037947748845384	1.092050599368842	
0.06	0.00156	3.610223464966232e-05	5.2260823204625385e-06	0.00011076120782903617	1.0978681613486563	
0.06	0.0016	3.6280447483784766e-05	5.251475539139486e-06	0.00011114501495686782	1.1037333960794227	
0.06	0.00164	3.646004865119253e-05	5.277060777623741e-06	0.00011153091491635758	1.1096468382718407	
0.06	0.00168	3.664105324319399e-05	5.302840032268998e-06	0.00011191892392097097	1.115609030336591	
0.06	0.00172	3.6823476564796784e-05	5.328815326079695e-06	0.00011230905835563651	1.1216205225209848	
0.06	0.00176	3.700733413847848e-05	5.354988709148542e-06	0.00011270133477919664	1.1276818730485159	
0.06	0.0018	3.719264170803669e-05	5.381362259102686e-06	0.00011309576992690599	1.1337936482613764	
0.06	0.00184	3.737941524252218e-05	5.4079380815586325e-06	0.00011349238071297912	1.1399564227660453	
0.06	0.00188	3.756767094025574e-05	5.434718310586169e-06	0.00011389118423318732	1.1461707795819747	
0.06	0.00192	3.775742523293204e-05	5.4617051091814255e-06	0.00011429219776750582	1.1524373102934984	
0.06	0.00196	3.794869478981179e-05	5.488900669749369e-06	0.00011469543878281493	1.1587566152050228	
0.06	0.002	3.814149652200504e-05	5.5163072145959065e-06	0.00011510092493565349	1.165129303499583	
0.06	0.00204	3.8335847586847474e-05	5.543926996429829e-06	0.00011550867407502809	1.1715559934008555	
0.06	0.00208	3.853176539237288e-05	5.571762298874823e-06	0.00011591870424527921	1.1780373123387111	
0.06	0.00212	3.872926760188309e-05	5.5998154369917534e-06	0.00011633103368900456	1.1845738971184099	
0.06	0.00216	3.892837213861901e-05	5.628088757811565e-06	0.00011674568085004276	1.1911663940935031	
0.06	0.0022	3.912909719053463e-05	5.656584640878914e-06	0.00011716266437651897	1.197815459342578	
0.06	0.00224	3.9331461215177276e-05	5.685305498806901e-06	0.00011758200312395243	1.2045217588499142	
0.06	0.00228	3.953548294467619e-05	5.714253777843083e-06	0.00011800371615842956	1.2112859686901696	
0.06	0.00232	3.9741181390843085e-05	5.743431958447097e-06	0.00011842782275984265	1.2181087752171835	
0.06	0.00236	3.994857585038699e-05	5.772842555880137e-06	0.00011885434242519898	1.2249908752570349	
0.06	0.0024	4.0157685910246524e-05	5.802488120806596e-06	0.00011928329487199813	1.2319329763054276	
0.06	0.00244	4.036853145304308e-05	5.832371239908107e-06	0.00011971470004168303	1.2389357967295656	
0.06	0.00248	4.0581132662657765e-05	5.862494536510368e-06	0.00012014857810316545	1.2460000659745756	
0.06	0.00252	4.0795510029935676e-05	5.892860671223049e-06	0.00012058494945642706	1.2531265247746741	
0.06	0.00256	4.101168435852057e-05	5.923472342592945e-06	0.00012102383473620116	1.2603159253691225	
0.06	0.0026	4.122967677082347e-05	5.954332287771011e-06	0.00012146525481573377	1.267569031723179	
0.06	0.00264	4.144950871413021e-05	5.985443283193262e-06	0.00012190923081062991	1.2748866197541062	
0.06	0.00268	4.167120196684889e-05	6.016808145276178e-06	0.00012235578408278494	1.282269477562445	
0.06	0.00272	4.1894778644903765e-05	6.048429731126731e-06	0.0001228049362444047	1.2897184056686388	
0.06	0.00276	4.212026120827858e-05	6.0803109392676565e-06	0.00012325670916211822	1.2972342172551734	
0.06	0.0028	4.234767246771276e-05	6.112454710378068e-06	0.00012371112496118263	1.3048177384144033	
0.06	0.00284	4.257703559155592e-05	6.144864028050034e-06	0.00012416820602978722	1.312469808402192	
0.06	0.00288	4.2808374112784284e-05	6.177541919561345e-06	0.00012462797502345616	1.320191279897544	
0.06	0.00292	4.30417119361839e-05	6.210491456665026e-06	0.0001250904548695556	1.3279830192683824	
0.06	0.00296	4.3277073345704983e-05	6.24371575639593e-06	0.00012555566877190592	1.3358459068436606	
0.06	0.003	4.3514483011992745e-05	6.277217981894776e-06	0.00012602364021550594	1.3437808371919557	
0.06	0.00304	4.375396600009902e-05	6.311001343250319e-06	0.00012649439297136853	1.3517887194067681	
0.06	0.00308	4.399554777738055e-05	6.345069098359821e-06	0.0001269679511014744	1.359870477398676	
0.06	0.00312	4.423925422158844e-05	6.379424553808495e-06	0.00012744433896384752	1.3680270501945544	
0.06	0.00316	4.4485111629155035e-05	6.414071065768386e-06	0.00012792358121775394	1.3762593922440642	
0.06	0.0032	4.4733146723683584e-05	6.449012040917029e-06	0.00012840570282903114	1.3845684737336201	
0.06	0.00324	4.4983386664646115e-05	6.484250937376683e-06	0.00012889072907555041	1.3929552809080288	
0.06	0.00328	4.523585905629631e-05	6.519791265674386e-06	0.00012937868555281632	1.401420816400047	
0.06	0.00332	4.5490591956803386e-05	6.555636589723571e-06	0.00012986959817971077	1.4099660995680818	
0.06	0.00336	4.574761388761288e-05	6.59179052782781e-06	0.0001303634932043835	1.4185921668422374	
0.06	0.0034	4.600695384304197e-05	6.628256753706983e-06	0.0001308603972102946	1.4273000720790145	
0.06	0.00344	4.6268641300115704e-05	6.665038997547023e-06	0.00013136033712241702	1.4360908869248488	
0.06	0.00348	4.65327062286508e-05	6.702141047073207e-06	0.00013186334021360096	1.4449657011887833	
0.06	0.00352	4.679917910159591e-05	6.739566748648167e-06	0.00013236943411110936	1.4539256232245605	
0.06	0.00356	4.706809090563418e-05	6.777320008395006e-06	0.00013287864680332792	1.4629717803223574	
0.06	0.0036	4.73394731520574e-05	6.815404793346175e-06	0.00013339100664665703	1.4721053191105182	
0.06	0.00364	4.761335788791911e-05	6.853825132618973e-06	0.00013390654237259414	1.4813274059675312	
0.06	0.00368	4.7889777707475576e-05	6.892585118618331e-06	0.00013442528309500908	1.490639227444571	
0.06	0.00372	4.816876576392331e-05	6.931688908267484e-06	0.00013494725831762487	1.5000419906989673	
0.06	0.00376	4.845035578144186e-05	6.971140724267474e-06	0.0001354724979417077	1.5095369239388416	
0.06	0.0038	4.87345820675524e-05	7.010944856386264e-06	0.000136001032273976	1.519125276879358	
0.06	0.00384	4.902147952579932e-05	7.051105662778111e-06	0.00013653289203473655	1.5288083212108452	
0.06	0.00388	4.9311083668768856e-05	7.09162757133426e-06	0.00013706810836625668	1.5385873510792387	
0.06	0.00392	4.9603430631451064e-05	7.1325150810656974e-06	0.0001376067128413804	1.54846368357916	
0.06	0.00396	4.989855718495879e-05	7.1737727635187656e-06	0.00013814873747240085	1.5584386592600552	
0.06	0.004	5.0196500750613763e-05	7.215405264224919e-06	0.0001386942147201969	1.568513642645804	
0.06	0.00404	5.049729941441131e-05	7.257417304185111e-06	0.00013924317750364448	1.578690022768182	
0.06	0.00408	5.0800991941876066e-05	7.299813681390193e-06	0.00013979565920931578	1.5889692137146945	
0.06	0.00412	5.110761779332157e-05	7.342599272378125e-06	0.00014035169370147662	1.599352655191119	
0.06	0.00416	5.1417217139525537e-05	7.385779033829036e-06	0.00014091131533239447	1.6098418130993233	
0.06	0.0042	5.172983087783518e-05	7.429358004199441e-06	0.00014147455895297	1.6204381801308203	
0.06	0.00424	5.204550064871649e-05	7.473341305396508e-06	0.0001420414599237069	1.6311432763764993	
0.06	0.00428	5.23642688527614e-05	7.5177341444935875e-06	0.00014261205412603246	1.6419586499531729	
0.06	0.00432	5.2686178668168276e-05	7.562541815488319e-06	0.0001431863779739868	1.6528858776473694	
0.06	0.00436	5.30112740687108e-05	7.6077697011044395e-06	0.00014376446842629298	1.663926565577007	
0.06	0.0044	5.333959984221253e-05	7.653423274638571e-06	0.00014434636299882886	1.675082349871494	
0.06	0.00444	5.367120160954195e-05	7.699508101853454e-06	0.0001449320997775145	1.6863548973708822	
0.06	0.00448	5.4006125844148075e-05	7.746029842918774e-06	0.00014552171743163785	1.6977459063446783	
0.06	0.00452	5.4344419892151776e-05	7.792994254401189e-06	0.0001461152552276341	1.7092571072309952	
0.06	0.00456	5.4686131993013996e-05	7.840407191305054e-06	0.00014671275304334373	1.7208902633966932	
0.06	0.0046	5.503131130079929e-05	7.888274609164994e-06	0.0001473142513827684	1.7326471719192271	
0.06	0.00464	5.538000790605503e-05	7.936602566192533e-06	0.00014791979139134776	1.7445296643909378	
0.06	0.00468	5.573227285832746e-05	7.985397225477712e-06	0.00014852941487178498	1.7565396077465056	
0.06	0.00472	5.608815818933671e-05	8.034664857247901e-06	0.00014914316430044268	1.7686789051144296	
0.06	0.00476	5.644771693683371e-05	8.084411841185315e-06	0.00014976108284434032	1.7809494966932706	
0.06	0.0048	5.681100316916149e-05	8.134644668805008e-06	0.0001503832143787788	1.7933533606535383	
0.06	0.00484	5.717807201054776e-05	8.185369945895422e-06	0.00015100960350562876	1.8058925140661612	
0.06	0.00488	5.754897966715217e-05	8.23659439502311e-06	0.00015164029557230614	1.8185690138583634	
0.06	0.00492	5.7923783453896214e-05	8.288324858103938e-06	0.00015227533669147993	1.831384957797967	
0.06	0.00496	5.83025418221039e-05	8.340568299042726e-06	0.00015291477376154126	1.8443424855071158	
0.06	0.005	5.868531438798061e-05	8.393331806443343e-06	0.00015355865448787647	1.857443779506432	
0.06	0.00504	5.9072161961961915e-05	8.446622596391807e-06	0.0001542070274049848	1.8706910662906928	
0.06	0.00508	5.946314657896305e-05	8.500448015314346e-06	0.00015485994189948465	1.8840866174371547	
0.06	0.00512	5.985833152956116e-05	8.55481554291304e-06	0.000155517448234055	1.8976327507476838	
0.06	0.00516	6.0257781392145896e-05	8.609732795181589e-06	0.00015617959757236341	1.9113318314259313	
0.06	0.0052	6.066156206607252e-05	8.665207527503462e-06	0.0001568464420050308	1.9251862732907619	
0.06	0.00524	6.106974080585472e-05	8.721247637835519e-06	0.00015751803457669298	1.9391985400273573	
0.06	0.00528	6.148238625643685e-05	8.77786116997953e-06	0.0001581944293142157	1.953371146477242	
0.06	0.00532	6.189956848958459e-05	8.835056316944735e-06	0.0001588756812561312	1.967706659968795	
0.06	0.00536	6.23213590414361e-05	8.89284142440433e-06	0.00015956184648336074	1.9822077016896116	
0.06	0.0054	6.274783095125937e-05	8.95122499424878e-06	0.00016025298215129987	1.9968769481024107	
0.06	0.00544	6.317905880145821e-05	9.010215688239726e-06	0.0001609491465233424	2.0117171324059657	
0.06	0.00548	6.361511875887783e-05	9.06982233176718e-06	0.00016165039900592764	2.026731046042885	
0.06	0.00552	6.405608861745831e-05	9.130053917714039e-06	0.00016235680018520006	2.0419215402559225	
0.06	0.00556	6.450204784228786e-05	9.190919610431135e-06	0.00016306841186537673	2.0572915276947104	
0.06	0.0056	6.495307761511116e-05	9.252428749826877e-06	0.00016378529710892585	2.072843984074797	
0.06	0.00564	6.540926088134921e-05	9.314590855575158e-06	0.00016450752027866535	2.088581949891046	
0.06	0.00568	6.58706823986898e-05	9.3774156314458e-06	0.00016523514708189998	2.104508532187496	
0.06	0.00572	6.633742878731118e-05	9.440912969761553e-06	0.00016596824461672228	2.1206269063857954	
0.06	0.00576	6.680958858180469e-05	9.505092955986222e-06	0.0001667068814206153	2.1369403181746325	
0.06	0.0058	6.72872522848616e-05	9.569965873448338e-06	0.00016745112752150046	2.153452085462443	
0.06	0.00584	6.777051242279931e-05	9.635542208205373e-06	0.00016820105449138914	2.1701656003959657	
0.06	0.00588	6.825946360299734e-05	9.701832654053007e-06	0.00016895673550280566	2.1870843314472346	
0.06	0.00592	6.875420257332454e-05	9.768848117685258e-06	0.00016971824538816575	2.204211825571759	
0.06	0.00596	6.92548282836364e-05	9.836599724010069e-06	0.00017048566070230266	2.221551710440747	
0.06	0.006	6.976144194942942e-05	9.905098821626657e-06	0.00017125905978835666	2.239107696750401	
0.06	0.00604	7.027414711774206e-05	9.974356988469933e-06	0.0001720385228472526	2.2568835806113587	
0.06	0.00608	7.07930497353958e-05	1.004438603762843e-05	0.00017282413201101374	2.2748832460216413	
0.06	0.00612	7.131825821967451e-05	1.0115198023341694e-05	0.00017361597142017904	2.293110667426508	
0.06	0.00616	7.18498835315468e-05	1.0186805247184108e-05	0.00017441412730560937	2.311569912368809	
0.06	0.0062	7.238803925153746e-05	1.0259220264441802e-05	0.0001752186880749983	2.3302651442336657	
0.06	0.00624	7.293284165836305e-05	1.0332455890689833e-05	0.00017602974440442348	2.3492006250913775	
0.06	0.00628	7.348440981045178e-05	1.0406525208577177e-05	0.0001768473893353057	2.3683807186427663	
0.06	0.00632	7.404286563047048e-05	1.0481441574827375e-05	0.00017767171837717555	2.3878098932712515	
0.06	0.00636	7.460833399299289e-05	1.0557218627462861e-05	0.0001785028296166799	2.4074927252062803	
0.06	0.0064	7.518094281544518e-05	1.0633870293261549e-05	0.00017934082383329583	2.427433901802843	
0.06	0.00644	7.576082315247666e-05	1.0711410795454663e-05	0.00018018580462227018	2.4476382249422057	
0.06	0.00648	7.634810929390561e-05	1.0789854661674915e-05	0.00018103787852533722	2.468110614558988	
0.06	0.00652	7.694293886640374e-05	1.0869216732164827e-05	0.00018189715516982755	2.4888561123003097	
0.06	0.00656	7.754545293908575e-05	1.0949512168255357e-05	0.0001827637474168268	2.5098798853226727	
0.06	0.0066	7.815579613318478e-05	1.1030756461125427e-05	0.00018363777151911715	2.531187230232855	
0.06	0.00664	7.877411673599832e-05	1.1112965440853337e-05	0.0001845193472896884	2.5527835771791025	
0.06	0.00668	7.940056681930474e-05	1.1196155285771767e-05	0.00018540859828169212	2.574674494099529	
0.06	0.00672	8.003530236245588e-05	1.1280342532138596e-05	0.00018630565198078723	2.5968656911347585	
0.06	0.00676	8.067848338036804e-05	1.136554408413585e-05	0.0001872106400109245	2.61936302521234	
0.06	0.0068	8.13302740566387e-05	1.1451777224210597e-05	0.0001881236983547141	2.6421725048108238	
0.06	0.00684	8.199084288203723e-05	1.153905962377135e-05	0.00018904496758963724	2.665300294911796	
0.06	0.00688	8.266036279862393e-05	1.1627409354254675e-05	0.0001899745931414901	2.6887527221486467	
0.06	0.00692	8.333901134977059e-05	1.1716844898577268e-05	0.00019091272555658568	2.712536280161245	
0.06	0.00696	8.402697083637047e-05	1.1807385162989541e-05	0.00019185952079440265	2.7366576351663183	
0.06	0.007	8.472442847953881e-05	1.1899049489347681e-05	0.00019281514054253843	2.7611236317536796	
0.06	0.00704	8.543157659012855e-05	1.199185766782136e-05	0.00019377975255602717	2.7859412989192336	
0.06	0.00708	8.614861274539627e-05	1.2085829950056136e-05	0.0001947535310232979	2.811117856346048	
0.06	0.00712	8.68757399731826e-05	1.2180987062809489e-05	0.00019573665696130015	2.836660720945623	
0.06	0.00716	8.761316694398243e-05	1.2277350222081202e-05	0.00019672931864259298	2.862577513672006	
0.06	0.0072	8.83611081713125e-05	1.2374941147759271e-05	0.00019773171205751731	2.8888760666222333	
0.06	0.00724	8.911978422079976e-05	1.2473782078803873e-05	0.00019874404141490538	2.915564430437244	
0.06	0.00728	8.988942192844687e-05	1.2573895788993133e-05	0.0001997665196851947	2.942650882018273	
0.06	0.00732	9.067025462855243e-05	1.2675305603255255e-05	0.00020079936919024168	2.9701439325746444	
0.06	0.00736	9.146252239179842e-05	1.2778035414613655e-05	0.00020184282224465093	2.9980523360196276	
0.06	0.0074	9.226647227404732e-05	1.2882109701771657e-05	0.00020289712185399738	3.026385097732259	
0.06	0.00744	9.308235857642246e-05	1.298755354736696e-05	0.00020396252247596762	3.0551514837038036	
0.06	0.00748	9.391044311728862e-05	1.3094392656924926e-05	0.00020503929085119346	3.084361030088859	
0.06	0.00752	9.475099551678316e-05	1.3202653378543992e-05	0.00020612770691137429	3.1140235531821974	
0.06	0.00756	9.560429349459325e-05	1.3312362723346061e-05	0.00020722806477325398	3.1441491598436353	
0.06	0.0076	9.647062318172143e-05	1.3423548386728068e-05	0.000208340673828106	3.17474825839479	
0.06	0.00764	9.735027944702903e-05	1.353623877045192e-05	0.00020946585993762983	3.205831570012802	
0.06	0.00768	9.824356623940365e-05	1.3650463005612621e-05	0.0002106039667485983	3.2374101406477207	
0.06	0.00772	9.915079694645137e-05	1.3766250976526352e-05	0.00021175535714023974	3.269495353492051	
0.06	0.00776	0.00010007229477067891	1.3883633345582404e-05	0.00021292041482023793	3.302098942032426	
0.06	0.0078	0.00010100839312420371	1.4002641579105898e-05	0.00021409954608741738	3.335233003715648	
0.06	0.00784	0.00010195943604309221	1.4123307974280144e-05	0.00021529318178170793	3.3689100142629167	
0.06	0.00788	0.00010292577862252204	1.4245665687181022e-05	0.00021650177944491507	3.4031428426687027	
0.06	0.00792	0.00010390778747404423	1.4369748761978182e-05	0.00021772582571921413	3.437944766922744	
0.06	0.00796	0.0001049058412063134	1.4495592161361149e-05	0.0002189658390142452	3.4733294904961682	
0.06	0.008	0.0001059203309307743	1.46232317982523e-05	0.00022022237247829436	3.509311159635627	
0.06	0.00804	0.00010695166079389405	1.4752704568871532e-05	0.00022149601731444104	3.5459043815119458	
0.06	0.00808	0.00010800024853766641	1.4884048387221854e-05	0.00022278740648886395	3.583124243273118	
0.06	0.00812	0.00010906652609025554	1.5017302221069285e-05	0.0002240972188859238	3.620986332054632	
0.06	0.00816	0.00011015094018879584	1.5152506129494122e-05	0.00022542618397338934	3.659506756003802	
0.06	0.0082	0.00011125395303655152	1.5289701302096726e-05	0.00022677508705150063	3.6987021663785358	
0.06	0.00824	0.0001123760429968184	1.542893009994431e-05	0.0002281447751718004	3.738589780785312	
0.06	0.00828	0.00011351770532618281	1.557023609835213e-05	0.000229536163826214	3.779187407625255	
0.06	0.00832	0.00011467945294998122	1.5713664131597414e-05	0.00023095024452418248	3.8205134718225024	
0.06	0.00836	0.00011586181728309223	1.5859260339670606e-05	0.0002323880933963732	3.86258704191368	
0.06	0.0084	0.00011706534909949388	1.6007072217175556e-05	0.00023385088098834322	3.9054278585835602	
0.06	0.00844	0.00011829061945438092	1.6157148664497062e-05	0.00023533988343743252	3.949056364737392	
0.06	0.00848	0.00011953822066303536	1.6309540041361598e-05	0.00023685649526227972	3.9934937372075083	
0.06	0.00852	0.00012080876734111399	1.6464298222926158e-05	0.00023840224403811694	4.038761920198435	
0.06	0.00856	0.00012210289751155292	1.6621476658537784e-05	0.00023997880728425226	4.084883660582793	
0.06	0.0086	0.00012342127378391548	1.6781130433316736e-05	0.00024158803195517661	4.1318825451682795	
0.06	0.00864	0.00012476458461274274	1.6943316332725988e-05	0.00024323195700647835	4.179783040065199	
0.06	0.00868	0.0001261335456423303	1.7108092910301028e-05	0.0002449128396049596	4.228610532293676	
0.06	0.00872	0.00012752890114637477	1.7275520558725303e-05	0.000246633185673819	4.278391373780353	
0.06	0.00876	0.00012895142557216516	1.7445661584450133e-05	0.00024839578561471206	4.3291529279058425	
0.06	0.0088	0.00013040192520045045	1.761858028607074e-05	0.0002502037562369586	4.38092361877664	
0.06	0.00884	0.00013188123993391993	1.7794343036685943e-05	0.00025206059016066683	4.433732983408898	
0.06	0.00888	0.00013339024522939218	1.7973018370484064e-05	0.0002539702142588478	4.487611727026203	
0.06	0.00892	0.000134929854191512	1.8154677073815924e-05	0.0002559370590819506	4.54259178168968	
0.06	0.00896	0.0001365010198490845	1.8339392281033772e-05	0.0002579661416908864	4.598706368496132	
0.06	0.009	0.00013810473763935794	1.852723957539605e-05	0.0002600631649439987	4.655990063599422	
0.06	0.00904	0.0001397420481308654	1.8718297095359103e-05	0.00026223463708328887	4.714478868330816	
0.06	0.00908	0.00014141404002216107	1.8912645646601956e-05	0.00026448801650509265	4.774210283717315	
0.06	0.00912	0.0001431218534624914	1.9110368820155303e-05	0.0002668318879616992	4.83522338972164	
0.06	0.00916	0.00014486668375170576	1.9311553117034683e-05	0.0002692761782356627	4.897558929555253	
0.06	0.0092	0.0001466497854915208	1.9516288079808358e-05	0.0002718324217145751	4.961259399445584	
0.06	0.00924	0.00014847247727987027	1.9724666431564152e-05	0.000274514089491233	5.026369144271715	
0.06	0.00928	0.00015033614706633065	1.9936784222776324e-05	0.0002773369999356207	5.092934459518953	
0.06	0.00932	0.00015224225832215305	2.0152740986612946e-05	0.00028031983458007645	5.161003700042387	
0.06	0.00936	0.0001541923572270496	2.0372639903269513e-05	0.00028348479127911924	5.230627396173546	
0.06	0.0094	0.00015618808114217263	2.0596587973962054e-05	0.0002868584179070126	5.301858377752439	
0.06	0.00944	0.00015823116873296716	2.0824696205266603e-05	0.00029047268576004863	5.374751906720631	
0.06	0.00948	0.0001603234722392679	2.1057079804551956e-05	0.00029436638447562745	5.44936581897022	
0.06	0.00952	0.00016246697258216075	2.1293858387318386e-05	0.00029858695293118474	5.525760676208891	
0.06	0.00956	0.00016466379827725946	2.1535156197329478e-05	0.00030319290830097814	5.60399992867446	
0.06	0.0096	0.0001669162495385316	2.1781102340510368e-05	0.00030825710618934555	5.684150089613526	
0.06	0.00964	0.0001692268295799555	2.203183103368251e-05	0.00031387117127181505	5.766280922530478	
0.06	0.00968	0.00017159828607517407	2.2287481869321875e-05	0.00032015160094091695	5.850465642316632	
0.06	0.00972	0.00017403366721921684	2.254820009766785e-05	0.0003272482986145629	5.936781131487486	
0.06	0.00976	0.000176536399192847	2.2814136927685104e-05	0.00033535669724677424	6.025308172892942	
0.06	0.0098	0.00017911039565187258	2.308544984861203e-05	0.00034473528891738723	6.116131700427344	
0.06	0.00984	0.0001817602162040288	2.3362302974145017e-05	0.00035573146394287893	6.209341069463048	
0.06	0.00988	0.0001844913016137353	2.364486741177101e-05	0.00036882041213428076	6.305030348980408	
0.06	0.00992	0.0001873103322799603	2.393332166047594e-05	0.0003846650658176086	6.403298637699368	
0.06	0.00996	0.00019022579026356534	2.4227852041232745e-05	0.0004042108532619065	6.504250406990693	
0.06	0.01	0.00019324886741273352	2.452865316671605e-05	0.0004288397192607381	6.60799587407103	
0.06	0.01004	0.00019639498045248303	2.483592846042103e-05	0.000460628177968824	6.714651410187065	
0.06	0.01008	0.00019968638463627983	2.514989074246135e-05	0.0005027937677437931	6.824339990627223	
0.06	0.01012	0.0002031568351440866	2.5470762913187518e-05	0.0005604928227375649	6.937191697383067	
0.06	0.01016	0.00020686014428818595	2.5798778792790232e-05	0.000642286770231669	7.053344292840459	
0.06	0.0102	0.00021088609204748265	2.6134184223232424e-05	0.0007628704312827603	7.172943896172148	
0.06	0.01024	0.00021538885562875438	2.6477238590011847e-05	0.0009479490159788062	7.296145808239124	
0.06	0.01028	0.00022062649969404463	2.6828216724688984e-05	0.0012410134531950583	7.423115478286361	
0.06	0.01032	0.00022694050531505132	2.718740908105238e-05	0.0016998227999568054	7.554029049321459	
0.06	0.01036	0.00023427378884869992	2.755510824988683e-05	0.0023136660935223286	7.689070273258697	
0.06	0.0104	0.0002406714308237014	2.7931565291722314e-05	0.002746001563443198	7.828419352763561	
0.06	0.01044	0.00024335485593294335	2.8317022666860495e-05	0.002518839534568276	7.972262468018959	
0.06	0.01048	0.0002439525037070333	2.8711870842486552e-05	0.0019106046230355444	8.12083467231115	
0.06	0.01052	0.0002452110402460627	2.9116551657924782e-05	0.0013915951256237976	8.27439467233743	
0.06	0.01056	0.0002476629398103209	2.953146049077162e-05	0.0010519525297131764	8.433199368809808	
0.06	0.0106	0.0002510149948113635	2.9956988910835425e-05	0.000839998334191358	8.597516318923116	
0.06	0.01064	0.00025498184978520595	3.039355095081693e-05	0.000705306097673059	8.767631891780672	
0.06	0.01068	0.0002593912494270069	3.084158785268154e-05	0.000616759223923913	8.9438537453225	
0.06	0.01072	0.0002641490402639725	3.130156878936617e-05	0.0005565339448723779	9.126512351493009	
0.06	0.01076	0.0002692056958509982	3.177399179307836e-05	0.0005143428085441248	9.315962725730568	
0.06	0.0108	0.00027453675852746255	3.2259385276302964e-05	0.0004840658634124857	9.512586483909034	
0.06	0.01084	0.0002801323187193944	3.2758310020271106e-05	0.0004619318888330585	9.716794214978211	
0.06	0.01088	0.0002859913742403237	3.3271361529658194e-05	0.00044553584316882566	9.929028167290102	
0.06	0.01092	0.0002921187537419486	3.37991727099743e-05	0.0004332948117679996	10.149765265956736	
0.06	0.01096	0.0002985234092268981	3.434241686081684e-05	0.0004241370913934914	10.379520492943776	
0.06	0.011	0.0003052174630043844	3.490181099930242e-05	0.0004173186535671897	10.618850672549915	
0.06	0.01104	0.00031221568694831086	3.547811954118854e-05	0.00041231139453643407	10.868358714651897	
0.06	0.01108	0.0003195352409437553	3.607215837683153e-05	0.00040873311347459224	11.128698377975107	
0.06	0.01112	0.0003271955752749062	3.668479938748171e-05	0.000406302471159837	11.400579626517118	
0.06	0.01116	0.00033521844367082347	3.7316975455697377e-05	0.000404809318727259	11.68477466469974	
0.06	0.0112	0.0003436279971308964	3.796968603255515e-05	0.0004040947255965994	11.982124751376654	
0.06	0.01124	0.00035245094222240625	3.8644003334338595e-05	0.0004040372720682811	12.293547910017368	
0.06	0.01128	0.0003617167557855887	3.93410792528916e-05	0.0004045434758755139	12.620047672838558	
0.06	0.01132	0.0003714579532972063	4.006215307723388e-05	0.0004055410012491188	12.962723021097148	
0.06	0.01136	0.000381710411853507	4.080856013979183e-05	0.0004069737757429539	13.322779713092142	
0.06	0.0114	0.00039251375159463477	4.158174151920856e-05	0.00040879843802657837	13.701543226760785	
0.06	0.01144	0.0004039117818621438	4.238325495378313e-05	0.0004109817298771086	14.100473586486586	
0.06	0.01148	0.00041595302075665843	4.321478714590538e-05	0.00041349856910111193	14.521182395607752	
0.06	0.01152	0.0004286912992589419	4.4078167669334993e-05	0.0004163306218310427	14.965452459326693	
0.06	0.01156	0.0004421864638727549	4.4975384728981565e-05	0.00041946524765308055	15.435260460067443	
0.06	0.0116	0.0004565051950112843	4.5908603068434886e-05	0.00042289472870781045	15.932803242365445	
0.06	0.01164	0.0004717219622626973	4.6880184375704616e-05	0.0004266157201950807	16.460528381665554	
0.06	0.01168	0.00048792014244657925	4.789271060477674e-05	0.00043062887843410753	17.02116985681947	
0.06	0.01172	0.0005051933322724994	4.894901071263589e-05	0.00043493863629255657	17.61778982721778	
0.06	0.01176	0.0005236468947653521	5.005219141212591e-05	0.00043955310609109183	18.253827742267454	
0.06	0.0118	0.0005433997878566811	5.120567266530123e-05	0.00044448409817712993	18.93315829630637	
0.06	0.01184	0.0005645867352167688	5.241322879608149e-05	0.0004497472500772715	19.660160103136246	
0.06	0.01188	0.0005873608142591064	5.367903629332064e-05	0.0004553622671127483	20.439797423848034	
0.06	0.01192	0.0006118965552749853	5.500772961668311e-05	0.00046135328111157007	21.27771786982791	
0.06	0.01196	0.0006383936701801201	5.640446662235414e-05	0.0004677493398398821	22.180369760564098	
0.06	0.012	0.0006670815611791866	5.7875005612760376e-05	0.00047458504647309916	23.15514379842964	
0.06	0.01204	0.000698224801240484	5.9425796509933985e-05	0.000481901376361866	24.21054500556016	
0.06	0.01208	0.0007321298330162677	6.106408929089014e-05	0.0004897467081625916	25.356402555398535	
0.06	0.01212	0.0007691532054645135	6.279806365331884e-05	0.0004981781189318839	26.604127368132165	
0.06	0.01216	0.0008097117645491555	6.46369849672138e-05	0.0005072630091554188	27.96703032807218	
0.06	0.0122	0.0008542953454045695	6.659139300524842e-05	0.0005170811454578476	29.46071800947223	
0.06	0.01224	0.0009034826916842344	6.867333186225683e-05	0.0005277272381339728	31.103588276691788	
0.06	0.01228	0.0009579615729206504	7.089663205839825e-05	0.0005393142108353552	32.91745564997039	
0.06	0.01232	0.0010185544110731539	7.327725934067836e-05	0.000551977375384578	34.92834677003968	
0.06	0.01236	0.0010862512052200626	7.583374954744973e-05	0.0005658798026405836	37.16752094295959	
0.06	0.0124	0.0011622522218915816	7.858775566482067e-05	0.0005812192909033492	39.67279153606403	
0.06	0.01244	0.0012480238942273103	8.156474276234715e-05	0.0005982374921921178	42.49025387086182	
0.06	0.01248	0.0013453727948457613	8.479488019277006e-05	0.0006172319880467508	45.67656876479388	
0.06	0.01252	0.0014565446485909463	8.831420036651276e-05	0.0006385724482243925	49.302015140183265	
0.06	0.01256	0.0015843585047857695	9.216612287051518e-05	0.0006627225183058368	53.4546215161911	
0.06	0.0126	0.0017323909994767968	9.640348701647e-05	0.0006902698640557517	58.24583319163294	
0.06	0.01264	0.0019052331084065993	0.00010109130382571304	0.0007219680140728541	63.81840007520698	
0.06	0.01268	0.002108853614473393	0.00010631054467805291	0.000758795562704307	70.35753106369062	
0.06	0.01272	0.002351122614510883	0.00011216345360224908	0.0008020413971913205	78.10694379665844	
0.06	0.01276	0.00264257994242855	0.00011878114786389984	0.0008534297361403635	87.39240122519779	
0.06	0.0128	0.002997586767389121	0.00012633473725214884	0.000915307432637744	98.65695457228874	
0.06	0.01284	0.0034360912885555896	0.00013505199486480224	0.0009909310366375368	112.51493780356199	
0.06	0.01288	0.0039864047539974225	0.0001452430344248194	0.001084917941193174	129.83679832962488	
0.06	0.01292	0.004689687485464934	0.00015734104587641912	0.0012039751844795609	151.88609834285901	
0.06	0.01296	0.005607417975313779	0.00017196902586788347	0.0013581125266417186	180.54749629006508	
0.06	0.013	0.0068342310818839715	0.00019005288805513853	0.001562727017291809	218.71843405629699	
0.06	0.01304	0.008520714104641154	0.00021301998792895148	0.0018423036876430623	271.00437605772765	
0.06	0.01308	0.010915100629002191	0.00024315886563091433	0.002237182987443931	344.9900221855502	
0.06	0.01312	0.01444083922511586	0.0002842838564213529	0.0028161496330205552	453.60379718999	
0.06	0.01316	0.01983744991058043	0.00034293639544825727	0.0036992907881658182	619.4108914759533	
0.06	0.0132	0.028374366217096526	0.00043020684631194303	0.0050926977180068955	881.1305502745865	
0.06	0.01324	0.04188625398403334	0.0005620678216810845	0.007294207911616735	1294.7161026000065	
0.06	0.01328	0.060949481232954295	0.0007441098851588171	0.010397577352281482	1877.809262074224	
0.06	0.01332	0.07742589633458284	0.000908988350327952	0.013082825579238247	2382.604131827579	
0.06	0.01336	0.0744468560855056	0.0009164110397364283	0.012613681698048778	2295.374231718505	
0.06	0.0134	0.055766098976916235	0.0007998964194861687	0.009599794343406708	1730.6940217946028	
0.06	0.01344	0.03801557480199094	0.0007020279041696694	0.006740440134067478	1195.5561276201893	
0.06	0.01348	0.026099021980690758	0.0006682636043352919	0.004832592889038294	839.8224961297212	
0.06	0.01352	0.018680541778768774	0.0006939055536801283	0.0036616602564534194	623.5236526252761	
0.06	0.01356	0.014043650369065682	0.0007748409841814125	0.0029525444979552782	495.51770559685224	
0.06	0.0136	0.01110018326922904	0.0009187895177589733	0.0025342342580970925	424.5344977132386	
0.06	0.01364	0.009246934128025974	0.0011492480653771862	0.0023182342890870834	395.382356744342	
0.06	0.01368	0.008177953812094024	0.0015133772295749578	0.0022712160256674937	404.2850563106591	
0.06	0.01372	0.007782031027500677	0.002096520353188948	0.0024034279414654387	457.47343241223734	
0.06	0.01376	0.00808946444445319	0.003032119816953711	0.002763457942970172	570.7192797463003	
0.06	0.0138	0.009132533890923111	0.004415543752663127	0.0033877262248742388	755.6079311830813	
0.06	0.01384	0.010354841521095776	0.005832457132595345	0.0040516466697244225	949.5155193669837	
0.06	0.01388	0.010152457037743347	0.005989097571264606	0.004075221464425866	960.8394692281256	
0.06	0.01392	0.008262220828861137	0.0046891927939214095	0.0033521301861142577	759.9262808542476	
0.06	0.01396	0.0062490211188158	0.003239439536602159	0.002560391399230649	538.6665728788953	
0.06	0.014	0.004805749007992983	0.0022225649553843604	0.0020015786802068743	382.4873951048992	
0.06	0.01404	0.003854564797685355	0.0015822093503257118	0.001644802389965328	282.80596320930425	
0.06	0.01408	0.003218578623405197	0.0011782562425441483	0.0014159139748259946	218.7766275803928	
0.06	0.01412	0.0027766345575213924	0.0009151754358395412	0.0012642727719468865	176.17025783252998	
0.06	0.01416	0.0024573083087992133	0.0007374548812828871	0.001160290950027296	146.68769239697767	
0.06	0.0142	0.0022188304076935545	0.0006132964359511586	0.0010868857486392887	125.54913812021616	
0.06	0.01424	0.0020360428244343737	0.0005240392600554354	0.0010339314191022434	109.92982276639292	
0.06	0.01428	0.0018931963454781038	0.00045835121394973593	0.0009952060071004058	98.0996927096616	
0.06	0.01432	0.0017800465796277637	0.0004091060644081046	0.0009667448376051279	88.9599482458358	
0.06	0.01436	0.0016896941940471183	0.0003716742708955215	0.0009459356599971743	81.78867678122695	
0.06	0.0144	0.0016173509492447102	0.0003429591645241958	0.000931005839849431	76.0969200706418	
0.06	0.01444	0.0015596098359766178	0.0003208355262269645	0.0009207218808174984	71.54448189419489	
0.06	0.01448	0.0015139987500880098	0.00030381205438051684	0.0009142075679546852	67.88905946185413	
0.06	0.01452	0.001478699156381923	0.00029082236470465183	0.0009108305567572712	64.95456427482276	
0.06	0.01456	0.0014523640385740086	0.00028109205031245216	0.0009101297202523047	62.610839168336	
0.06	0.0146	0.0014339975992819205	0.0002740520544787557	0.000911767507842467	60.76034263919348	
0.06	0.01464	0.001422874658990982	0.00026928100440504795	0.0009154981010864364	59.32920959204062	
0.06	0.01468	0.0014184864913290673	0.00026646611248985736	0.0009211458311995831	58.26113129203124	
0.06	0.01472	0.00142050498797026	0.00026537626649495317	0.0009285904568226817	57.51309497294607	
0.06	0.01476	0.0014287601856697156	0.00026584330784981095	0.0009377571738296534	57.052378327934065	
0.06	0.0148	0.0014432281906421476	0.0002677489411205723	0.0009486100114953016	56.854410023660066	
0.06	0.01484	0.001464027901201823	0.0002710156157885836	0.0009611477666716974	56.901241962601695	
0.06	0.01488	0.0014914259589028501	0.0002756002941050236	0.0009754019574534081	57.1804649194948	
0.06	0.01492	0.0015258502512997011	0.00028149039390290906	0.0009914365102283574	57.684455386874845	
0.06	0.01496	0.001567913203096071	0.00028870144923399564	0.0010093490731244849	58.40987930665399	
0.06	0.015	0.0016184471821752762	0.00029727621152553853	0.0010292740051361582	59.35740477851246	
0.06	0.01504	0.001678555804589896	0.00030728504968722316	0.0010513872481260553	60.531595215471356	
0.06	0.01508	0.0017496870251282703	0.00031882761970647634	0.0010759134725921082	61.94096967791188	
0.06	0.01512	0.0018337370862282014	0.00033203587812516346	0.0011031361268153729	63.598230340933554	
0.06	0.01516	0.0019331994002084285	0.0003470786227607112	0.0011334113540383698	65.52066990073058	
0.06	0.0152	0.002051380526438939	0.000364167871994518	0.0011671872376349912	67.73078575658276	
0.06	0.01524	0.002192718840438028	0.00038356755787346695	0.0012050305947607393	70.2571447284017	
0.06	0.01528	0.002363264435487466	0.00040560523158374786	0.0012476647437339786	73.1355640579479	
0.06	0.01532	0.0025714191100440144	0.00043068779751022856	0.0012960236347919144	76.4107045300048	
0.06	0.01536	0.0028291082476515324	0.0004593227589412766	0.0013513310304443054	80.1382142430718	
0.06	0.0154	0.0031536923966364854	0.0004921471638980567	0.001415219120210648	84.38762381149641	
0.06	0.01544	0.003571186892949802	0.0005299675340253695	0.001489911107269507	89.24628663973856	
0.06	0.01548	0.004121866169995384	0.0005738158043911474	0.001578510921301797	94.82479936157384	
0.06	0.01552	0.004870312709277779	0.0006250291660515791	0.001685478088325774	101.26455756476479	
0.06	0.01556	0.005923700616461417	0.0006853665515471511	0.001817430919420116	108.7484516943446	
0.06	0.0156	0.007463843029221483	0.0007571829664029042	0.001984532710724297	117.51627691100927	
0.06	0.01564	0.009790939241501179	0.0008436979935742496	0.0022028295766429685	127.88737769619706	
0.06	0.01568	0.013302698787540172	0.0009494216975882131	0.002497548978905028	140.2946564722824	
0.06	0.01572	0.01802571509266867	0.0010808440052542685	0.002904949155558299	155.33681965594698	
0.06	0.01576	0.022519233358023104	0.0012475230439872526	0.0034719840069740455	173.8601605690836	
0.06	0.0158	0.025723652635288436	0.001463451191405758	0.004280571908576904	197.0863006403205	
0.06	0.01584	0.029906612208477883	0.001746675900354897	0.005419932878055058	226.79839770825845	
0.06	0.01588	0.034633971866166874	0.0021107965533095053	0.006635060692899026	265.5842742524386	
0.06	0.01592	0.033676455916790485	0.0025634286361984546	0.007118804865672104	317.3940972917554	
0.06	0.01596	0.026316421516737822	0.0031656165662054233	0.006867286248070076	389.1489318845794	
0.06	0.016	0.018791628605684896	0.004055877594832769	0.006829212199233454	492.9052618509249	
0.06	0.01604	0.013616734830169848	0.005433938837370271	0.007527117630576752	649.2479524230198	
0.06	0.01608	0.010385479301698652	0.007621876315478801	0.009220377123033568	893.5688195307503	
0.06	0.01612	0.008375029566289063	0.011110066463822718	0.012282560529068228	1279.8205847286179	
0.06	0.01616	0.007103754100302367	0.01621217843221417	0.01695008872843359	1842.5578603295698	
0.06	0.0162	0.006292699714578236	0.021273621827195933	0.02163613662892952	2401.2601996577732	
0.06	0.01624	0.005782467688745695	0.021566234015402065	0.0218827728388597	2439.63871076507	
0.06	0.01628	0.0054805162507662875	0.016752852330614427	0.017362916353777402	1921.0374735221835	
0.06	0.01632	0.0053323601038389006	0.011585334444216644	0.012532209876434492	1364.7005887039638	
0.06	0.01636	0.005306181414950503	0.008007756421709832	0.009212990295158334	983.2045539227933	
0.06	0.0164	0.0053845839022583115	0.005773116810786844	0.007172361350215184	749.8401829628812	
0.06	0.01644	0.005560236136628961	0.004379325879321708	0.005939421592623984	610.1069965968356	
0.06	0.01648	0.005833782329654641	0.003489755595088246	0.005199976808399846	527.6806236278426	
0.06	0.01652	0.0062132591940503865	0.002910168527540513	0.004774977273721613	481.9352687086041	
0.06	0.01656	0.006714751933462085	0.0025304279278786862	0.004566120280366579	461.6396541093842	
0.06	0.0166	0.0073643799234682245	0.0022873903849691887	0.0045216332716574315	460.9999948869777	
0.06	0.01664	0.00820207482768935	0.00214479244377803	0.004618446914011927	477.6142251180856	
0.06	0.01668	0.009288153810289166	0.002082772885342918	0.004854123139600057	511.57219783429235	
0.06	0.01672	0.01071463395888787	0.002092685948706412	0.0052449726551321236	565.2975770134885	
0.06	0.01676	0.012625027191606075	0.0021751092789965374	0.005829369709194318	644.0347725890394	
0.06	0.0168	0.015249883311254223	0.0023403186143504083	0.006677469097450589	757.1566017915937	
0.06	0.01684	0.018972248797127	0.002611518862476272	0.00791127163249647	920.8201802519762	
0.06	0.01688	0.02444942699905637	0.0030321937411057313	0.009743154796812049	1163.0421615131684	
0.06	0.01692	0.03282942860716218	0.0036798874341730267	0.012544999353437548	1532.7897767843083	
0.06	0.01696	0.04604257004955285	0.004685436213977549	0.016942069029239153	2112.324566193056	
0.06	0.017	0.0665792725914162	0.006222454891162145	0.023747018914098666	3008.568002137366	
0.06	0.01704	0.09357113009989995	0.008275167025823198	0.03273388508003373	4192.206566856288	
0.06	0.01708	0.11154880811611811	0.009966819589688381	0.039113691538787014	5035.120455418426	
0.06	0.01712	0.10086320725805521	0.01021002481595995	0.03683798547867552	4744.197132682588	
0.06	0.01716	0.07525177362488253	0.01001858086653954	0.03046508325246299	3919.286279885901	
0.06	0.0172	0.05428265779915377	0.010894643023594858	0.026565532429009636	3425.415100685674	
0.06	0.01724	0.04127861980041664	0.013542625992900814	0.026844018840277165	3490.3117720575337	
0.06	0.01728	0.03403661225503206	0.018284554332406958	0.031199021829912417	4104.348672658882	
0.06	0.01732	0.030491435292951903	0.02383182503506135	0.037412024514984224	4968.161730931684	
0.06	0.01736	0.029299172238054776	0.025300674957380732	0.03864016455839722	5148.644095427649	
0.06	0.0174	0.029900895573353736	0.0207479243221005	0.032118344851043173	4269.803389049896	
0.06	0.01744	0.03252529749649967	0.01508451253061912	0.02435339402381155	3223.866138282501	
0.06	0.01748	0.03777311866544056	0.0111717975159203	0.01915988760626278	2535.5193238297948	
0.06	0.01752	0.04673891224629192	0.009021098495969366	0.016581368901393514	2215.300256122784	
0.06	0.01756	0.06149002188263425	0.008195714488200433	0.016122792904844842	2203.2284239338383	
0.06	0.0176	0.08560460025513957	0.008502772192522797	0.017700408404757062	2500.610549100069	
0.06	0.01764	0.12355344233717375	0.009966199031904087	0.021571082076356024	3158.27819912472	
0.06	0.01768	0.1725631445462747	0.012293481385792226	0.02719381827354431	4092.5698649980177	
0.06	0.01772	0.2017861363499761	0.013632458297597027	0.030481040551793227	4636.846469904184	
0.06	0.01776	0.1776919622746314	0.012008054943508383	0.027042286224223003	4073.5822061058116	
0.06	0.0178	0.1293065531005592	0.009063831665494473	0.02058688434606225	3010.791941172373	
0.06	0.01784	0.09059269238078654	0.006739125196082174	0.015478189389691206	2162.893800257867	
0.06	0.01788	0.06616542685777224	0.005292527607477831	0.012304005511314957	1625.3658380469678	
0.06	0.01792	0.05176384588102671	0.004478794114023659	0.010517524502829822	1307.065168417558	
0.06	0.01796	0.043772808992359524	0.004097331503776159	0.00966778538594651	1131.3472071272163	
0.06	0.018	0.04020301854731141	0.0040511681267070025	0.009531158611112941	1056.8614094585564	
0.06	0.01804	0.04026956193934265	0.004328478100597486	0.010067597147435915	1068.9918272556174	
0.06	0.01808	0.04413254039897419	0.00499906883572611	0.011407893429312543	1175.1496264208715	
0.06	0.01812	0.05295491588625181	0.006238289039935577	0.01389836316056554	1407.4407138189272	
0.06	0.01816	0.06916792657908752	0.008369282323785839	0.018183834247615688	1830.1878418538167	
0.06	0.0182	0.09598727320815964	0.011807057492102115	0.025094571373127053	2527.679013853445	
0.06	0.01824	0.13147467218542874	0.016315601419065275	0.03415617594734872	3449.9138901139113	
0.06	0.01828	0.15290492328958127	0.019046792873766195	0.03965710164779525	4006.167486000529	
0.06	0.01832	0.1344737664364466	0.016764507335481776	0.03510822994013975	3525.5703483178067	
0.06	0.01836	0.09712166200993552	0.0121000867781392	0.02578560270385879	2552.8034570943246	
0.06	0.0184	0.06668124434837455	0.008298265657457555	0.018195189492160233	1759.7088644604823	
0.06	0.01844	0.04682264120128084	0.005820992607773251	0.013263290928485716	1241.766383700972	
0.06	0.01848	0.03426863898974487	0.004257736325891785	0.010166922409373313	913.777767540638	
0.06	0.01852	0.02612560290619485	0.003245903504373938	0.008179331760057782	700.5098806317097	
0.06	0.01856	0.020633865638017692	0.0025651044491747143	0.00685901743629755	556.2110874871912	
0.06	0.0186	0.016784742563678484	0.002089117687666431	0.0059534350716534444	454.6538284157816	
0.06	0.01864	0.013992883800365272	0.0017447900813582855	0.005316626216227657	380.6155641694379	
0.06	0.01868	0.01190757964862573	0.0014883738604505583	0.004861830644710856	324.97266351707407	
0.06	0.01872	0.010311033899949966	0.0012927776142698316	0.0045360127286395505	282.05548166126056	
0.06	0.01876	0.00906325648962723	0.0011406688206073918	0.0043061677692553205	248.21544209886153	
0.06	0.0188	0.00807142760823567	0.0010206506576758419	0.004151867811428393	221.02818419342145	
0.06	0.01884	0.007272322948164694	0.0009250849235978144	0.00406123230595209	198.8360067587222	
0.06	0.01888	0.006621918463481811	0.0008488294213647016	0.004028944038141021	180.47652727910992	
0.06	0.01892	0.0060890829133201565	0.0007885134171617469	0.004055716222630432	165.11688871470028	
0.06	0.01896	0.00565169921847603	0.0007421646712794132	0.004149140391361888	152.14985061254114	
0.06	0.019	0.005294323111819107	0.0007091179571670364	0.004326361822577218	141.12756911006684	
0.06	0.01904	0.005006935231803223	0.0006902305847927802	0.004619775836030423	131.7195674515482	
0.06	0.01908	0.004784648055842988	0.0006885378794632674	0.0050881258506229494	123.68768957308382	
0.06	0.01912	0.004628431560850974	0.0007105686730972656	0.005836428842416971	116.87458724773364	
0.06	0.01916	0.004546554181314667	0.0007681165766676155	0.007042015420910665	111.2013063285197	
0.06	0.0192	0.004552360722442839	0.0008762567339233981	0.008927005888712664	106.64381361269207	
0.06	0.01924	0.004636069607634116	0.0010259252197403774	0.011369338000444141	103.0419336907936	
0.06	0.01928	0.004690824349250464	0.0011118180512357234	0.012879104755476881	99.61094053043097	
0.06	0.01932	0.00459848655545112	0.0010152310313897486	0.01177552574555123	95.49259936484822	
0.06	0.01936	0.004466674527502919	0.0008333973805021068	0.00944459427493237	91.28871475996374	
0.06	0.0194	0.004430808641090377	0.0006851795853929207	0.00757970769311106	87.75726552827106	
0.06	0.01944	0.004530340018598236	0.0005872398388115905	0.006423591693152923	84.98132439346855	
0.06	0.01948	0.004787921821845262	0.0005243911161733103	0.005768589844077184	82.83938711671604	
0.06	0.01952	0.0052566776523180325	0.00048327343394216876	0.0054368670946831656	81.23043457506554	
0.06	0.01956	0.0060454275800342575	0.0004557770225199047	0.005332221155340719	80.09672278468895	
0.06	0.0196	0.00734045486805283	0.0004372743033415156	0.005418441705209718	79.41221358843913	
0.06	0.01964	0.009341885187143614	0.00042511327739293834	0.005689223185662442	79.17323057306587	
0.06	0.01968	0.011740160297352888	0.0004177532884825847	0.006081737236834011	79.39400463776573	
0.06	0.01972	0.012778987261269237	0.0004143038848113059	0.006337130502022061	80.1057021824766	
0.06	0.01976	0.011303612601345695	0.0004142824695163033	0.006288843202198866	81.35803040622407	
0.06	0.0198	0.009096227335635245	0.0004174910632369883	0.006193666008022304	83.22330543272355	
0.06	0.01984	0.007501347094493026	0.00042396372481769975	0.006252023968097124	85.8036091291918	
0.06	0.01988	0.0065892014408270826	0.0004339660704939667	0.006490696655834851	89.24259240441503	
0.06	0.01992	0.006149191597017824	0.00044804805184928706	0.006907908929453267	93.74500025234202	
0.06	0.01996	0.006026340840573522	0.0004671719797005652	0.0075285421540260845	99.60977373519023	
