0.02	0.0	4.268219077686745e-07	6.077622024857293e-08	1.0452628309910225e-05	0.8341850869004348	
0.02	4e-05	4.2868070417116335e-07	6.103439027523178e-08	1.0485549735892643e-05	0.8379086847540358	
0.02	8e-05	4.3055182782827975e-07	6.129423867067891e-08	1.0518629230855727e-05	0.8416572780090879	
0.02	0.00012	4.324353890374708e-07	6.15557801895736e-08	1.0551867825815981e-05	0.845431090960376	
0.02	0.00016	4.343314993417662e-07	6.181902975038038e-08	1.058526656038546e-05	0.8492303504251888	
0.02	0.0002	4.3624027154679457e-07	6.2084002437568e-08	1.0618826482860139e-05	0.8530552857774418	
0.02	0.00024	4.381618197380816e-07	6.23507135038437e-08	1.0652548650309421e-05	0.8569061289823612	
0.02	0.00028	4.400962592986229e-07	6.26191783724223e-08	1.0686434128666667e-05	0.8607831146317055	
0.02	0.00032	4.4204370692673303e-07	6.288941263933155e-08	1.0720483992820884e-05	0.8646864799795464	
0.02	0.00036	4.4400428065419676e-07	6.316143207575442e-08	1.0754699326709621e-05	0.8686164649786331	
0.02	0.0004	4.459780998647066e-07	6.343525263040796e-08	1.0789081223412928e-05	0.8725733123173229	
0.02	0.00044	4.479652853125966e-07	6.371089043196018e-08	1.0823630785248573e-05	0.8765572674571014	
0.02	0.00048	4.4996595914189327e-07	6.398836179148626e-08	1.0858349123868404e-05	0.8805685786707294	
0.02	0.00052	4.51980244905663e-07	6.426768320496326e-08	1.0893237360355977e-05	0.8846074970809692	
0.02	0.00056	4.540082675856916e-07	6.45488713558057e-08	1.0928296625325367e-05	0.8886742766999643	
0.02	0.0006	4.560501536124711e-07	6.483194311744096e-08	1.0963528059021289e-05	0.8927691744692352	
0.02	0.00064	4.5810603088553024e-07	6.51169155559274e-08	1.0998932811420392e-05	0.896892450300337	
0.02	0.00068	4.601760287940874e-07	6.540380593261385e-08	1.1034512042333977e-05	0.9010443671161668	
0.02	0.00072	4.622602782380545e-07	6.56926317068429e-08	1.1070266921511926e-05	0.9052251908929523	
0.02	0.00076	4.643589116493853e-07	6.598341053869754e-08	1.1106198628747984e-05	0.9094351907029214	
0.02	0.0008	4.6647206301377655e-07	6.62761602917933e-08	1.1142308353986412e-05	0.9136746387576618	
0.02	0.00084	4.6859986789273333e-07	6.657089903611493e-08	1.1178597297430004e-05	0.9179438104522085	
0.02	0.00088	4.7074246344600475e-07	6.686764505090068e-08	1.1215066669649465e-05	0.9222429844098392	
0.02	0.00092	4.728999884543872e-07	6.716641682757288e-08	1.1251717691694278e-05	0.9265724425276101	
0.02	0.00096	4.7507258334291925e-07	6.746723307271785e-08	1.1288551595204882e-05	0.9309324700226653	
0.02	0.001	4.772603902044647e-07	6.77701127111134e-08	1.1325569622526486e-05	0.935323355479265	
0.02	0.00104	4.794635528236858e-07	6.80750748888077e-08	1.1362773026824158e-05	0.9397453908966511	
0.02	0.00108	4.816822167014327e-07	6.838213897624915e-08	1.140016307219962e-05	0.9441988717376604	
0.02	0.00112	4.839165290795392e-07	6.869132457146683e-08	1.1437741033809387e-05	0.9486840969781747	
0.02	0.00116	4.861666389660439e-07	6.900265150330556e-08	1.1475508197984625e-05	0.9532013691573922	
0.02	0.0012	4.884326971608359e-07	6.931613983471411e-08	1.1513465862352438e-05	0.9577509944289335	
0.02	0.00124	4.907148562817429e-07	6.963180986608836e-08	1.1551615335958868e-05	0.9623332826128155	
0.02	0.00128	4.930132707910653e-07	6.994968213867087e-08	1.1589957939393459e-05	0.9669485472482797	
0.02	0.00132	4.953280970225664e-07	7.026977743800758e-08	1.162849500491552e-05	0.9715971056475483	
0.02	0.00136	4.976594932089199e-07	7.059211679746238e-08	1.1667227876581957e-05	0.9762792789504492	
0.02	0.0014	5.00007619509646e-07	7.091672150179154e-08	1.1706157910377028e-05	0.9809953921799932	
0.02	0.00144	5.023726380395135e-07	7.124361309077857e-08	1.1745286474343569e-05	0.9857457742988743	
0.02	0.00148	5.047547128974465e-07	7.15728133629301e-08	1.1784614948716202e-05	0.9905307582669639	
0.02	0.00152	5.071540101959298e-07	7.190434437923637e-08	1.1824144726056166e-05	0.9953506810997536	
0.02	0.00156	5.09570698090924e-07	7.223822846699365e-08	1.1863877211388121e-05	1.0002058839278096	
0.02	0.0016	5.120049468123116e-07	7.257448822369401e-08	1.1903813822338628e-05	1.0050967120572554	
0.02	0.00164	5.144569286948635e-07	7.291314652098052e-08	1.1943955989276728e-05	1.0100235150312904	
0.02	0.00168	5.169268182097688e-07	7.32542265086713e-08	1.1984305155456147e-05	1.0149866466927597	
0.02	0.00172	5.194147919966954e-07	7.359775161885236e-08	1.2024862777159736e-05	1.019986465247817	
0.02	0.00176	5.219210288964396e-07	7.394374557004157e-08	1.2065630323845702e-05	1.0250233333306886	
0.02	0.0018	5.244457099841421e-07	7.429223237142389e-08	1.2106609278295836e-05	1.0300976180695514	
0.02	0.00184	5.269890186030927e-07	7.464323632716221e-08	1.214780113676594e-05	1.0352096911535784	
0.02	0.00188	5.295511403991438e-07	7.499678204078023e-08	1.2189207409138128e-05	1.0403599289011327	
0.02	0.00192	5.32132263355734e-07	7.535289441962515e-08	1.223082961907541e-05	1.045548712329173	
0.02	0.00196	5.347325778295358e-07	7.571159867940545e-08	1.2272669304178266e-05	1.050776427223862	
0.02	0.002	5.373522765867486e-07	7.60729203488107e-08	1.2314728016143532e-05	1.0560434642124326	
0.02	0.00204	5.399915548400437e-07	7.64368852742111e-08	1.2357007320925398e-05	1.0613502188363042	
0.02	0.00208	5.426506102861718e-07	7.680351962444064e-08	1.2399508798898768e-05	1.0666970916254988	
0.02	0.00212	5.453296431442516e-07	7.717284989566477e-08	1.244223404502478e-05	1.0720844881743947	
0.02	0.00216	5.480288561947608e-07	7.754490291633407e-08	1.2485184669018805e-05	1.077512819218783	
0.02	0.0022	5.507484548192241e-07	7.791970585222599e-08	1.2528362295520718e-05	1.0829825007143454	
0.02	0.00224	5.534886470406325e-07	7.829728621157754e-08	1.257176856426753e-05	1.088493953916493	
0.02	0.00228	5.562496435646034e-07	7.86776718503075e-08	1.2615405130268676e-05	1.0940476054616708	
0.02	0.00232	5.590316578212896e-07	7.906089097733469e-08	1.2659273663983647e-05	1.0996438874500845	
0.02	0.00236	5.618349060080605e-07	7.94469721599898e-08	1.270337585150214e-05	1.1052832375299524	
0.02	0.0024	5.646596071329744e-07	7.983594432952584e-08	1.2747713394726863e-05	1.1109660989832495	
0.02	0.00244	5.675059830590503e-07	8.022783678672773e-08	1.2792288011559049e-05	1.1166929208130223	
0.02	0.00248	5.703742585493594e-07	8.062267920762347e-08	1.2837101436086435e-05	1.1224641578322692	
0.02	0.00252	5.732646613129633e-07	8.102050164929875e-08	1.2882155418774163e-05	1.1282802707544586	
0.02	0.00256	5.761774220516949e-07	8.14213345558183e-08	1.2927451726658405e-05	1.134141726285684	
0.02	0.0026	5.791127745078283e-07	8.182520876425408e-08	1.297299214354266e-05	1.1400489972185004	
0.02	0.00264	5.820709555126325e-07	8.223215551082484e-08	1.301877847019723e-05	1.1460025625274928	
0.02	0.00268	5.850522050358414e-07	8.264220643714754e-08	1.3064812524561328e-05	1.1520029074665956	
0.02	0.00272	5.880567662360551e-07	8.305539359660453e-08	1.3111096141948332e-05	1.1580505236682022	
0.02	0.00276	5.910848855121002e-07	8.347174946082776e-08	1.3157631175253999e-05	1.1641459092441104	
0.02	0.0028	5.941368125553519e-07	8.389130692630315e-08	1.3204419495167825e-05	1.1702895688883383	
0.02	0.00284	5.972128004030651e-07	8.431409932109724e-08	1.3251462990387556e-05	1.176482013981846	
0.02	0.00288	6.00313105492709e-07	8.474016041170939e-08	1.3298763567836774e-05	1.1827237626992115	
0.02	0.00292	6.03437987717354e-07	8.5169524410051e-08	1.3346323152885958e-05	1.1890153401172965	
0.02	0.00296	6.065877104821073e-07	8.560222598055653e-08	1.3394143689576675e-05	1.195357278325951	
0.02	0.003	6.097625407616439e-07	8.603830024742658e-08	1.3442227140849262e-05	1.2017501165407878	
0.02	0.00304	6.129627491588455e-07	8.647778280200827e-08	1.3490575488774007e-05	1.2081944012180958	
0.02	0.00308	6.161886099645704e-07	8.692070971031372e-08	1.3539190734785664e-05	1.2146906861719025	
0.02	0.00312	6.194404012185844e-07	8.736711752068201e-08	1.3588074899921754e-05	1.221239532693271	
0.02	0.00316	6.227184047716772e-07	8.781704327158536e-08	1.3637230025064434e-05	1.2278415096718496	
0.02	0.0032	6.260229063489974e-07	8.827052449958418e-08	1.368665817118597e-05	1.2344971937197438	
0.02	0.00324	6.293541956146123e-07	8.872759924743411e-08	1.3736361419598336e-05	1.2412071692977404	
0.02	0.00328	6.327125662373518e-07	8.918830607234756e-08	1.37863418722062e-05	1.2479720288439593	
0.02	0.00332	6.360983159579347e-07	8.965268405441377e-08	1.3836601651764374e-05	1.2547923729049735	
0.02	0.00336	6.395117466574298e-07	9.012077280518193e-08	1.3887142902138835e-05	1.2616688102694436	
0.02	0.0034	6.429531644270711e-07	9.059261247640758e-08	1.3937967788572172e-05	1.268601958104333	
0.02	0.00344	6.464228796394508e-07	9.106824376897083e-08	1.3989078497953002e-05	1.2755924420937736	
0.02	0.00348	6.4992120702115e-07	9.154770794196513e-08	1.4040477239089823e-05	1.2826408965806104	
0.02	0.00352	6.53448465726796e-07	9.203104682196545e-08	1.409216624298901e-05	1.2897479647106957	
0.02	0.00356	6.570049794146245e-07	9.251830281247362e-08	1.4144147763137506e-05	1.2969142985800297	
0.02	0.0036	6.605910763235528e-07	9.300951890355337e-08	1.4196424075789793e-05	1.3041405593847415	
0.02	0.00364	6.642070893518029e-07	9.35047386816494e-08	1.4248997480259697e-05	1.3114274175740424	
0.02	0.00368	6.678533561371224e-07	9.400400633960327e-08	1.4301870299216703e-05	1.318775553006175	
0.02	0.00372	6.715302191386318e-07	9.450736668686523e-08	1.4355044878987375e-05	1.3261856551074498	
0.02	0.00376	6.7523802572033e-07	9.50148651599091e-08	1.4408523589861302e-05	1.3336584230344182	
0.02	0.0038	6.789771282363144e-07	9.552654783285256e-08	1.4462308826402427e-05	1.3411945658392737	
0.02	0.00384	6.82747884117737e-07	9.604246142829072e-08	1.4516403007765293e-05	1.3487948026385501	
0.02	0.00388	6.865506559615543e-07	9.656265332834434e-08	1.4570808578016582e-05	1.3564598627851665	
0.02	0.00392	6.903858116210993e-07	9.708717158593032e-08	1.4625528006462046e-05	1.3641904860439449	
0.02	0.00396	6.942537242985271e-07	9.761606493625848e-08	1.4680563787978757e-05	1.371987422770629	
0.02	0.004	6.981547726391808e-07	9.814938280855903e-08	1.473591844335316e-05	1.3798514340945272	
0.02	0.00404	7.02089340827913e-07	9.868717533804843e-08	1.4791594519624592e-05	1.3877832921048234	
0.02	0.00408	7.060578186874231e-07	9.922949337813661e-08	1.4847594590434804e-05	1.3957837800406834	
0.02	0.00412	7.100606017786466e-07	9.977638851288275e-08	1.4903921256383367e-05	1.4038536924852079	
0.02	0.00416	7.140980915032568e-07	1.0032791306970528e-07	1.4960577145389218e-05	1.4119938355633415	
0.02	0.0042	7.181706952083233e-07	1.0088412013235068e-07	1.5017564913058327e-05	1.420205027143832	
0.02	0.00424	7.2227882629318e-07	1.0144506355413039e-07	1.5074887243057864e-05	1.4284880970453229	
0.02	0.00428	7.264229043185624e-07	1.0201079797142716e-07	1.5132546847496834e-05	1.4368438872466747	
0.02	0.00432	7.306033551180595e-07	1.025813788174835e-07	1.5190546467313392e-05	1.4452732521016476	
0.02	0.00436	7.348206109119457e-07	1.031568623364715e-07	1.5248888872668899e-05	1.4537770585579906	
0.02	0.0044	7.390751104234552e-07	1.0373730559785906e-07	1.5307576863349177e-05	1.4623561863811017	
0.02	0.00444	7.433672989975375e-07	1.0432276651107207e-07	1.5366613269172588e-05	1.4710115283823253	
0.02	0.00448	7.476976287221921e-07	1.0491330384046436e-07	1.5426000950405845e-05	1.479743990652024	
0.02	0.00452	7.520665585523988e-07	1.0550897722060076e-07	1.548574279818692e-05	1.4885544927975143	
0.02	0.00456	7.564745544367614e-07	1.0610984717186203e-07	1.5545841734955918e-05	1.4974439681860132	
0.02	0.0046	7.609220894468897e-07	1.0671597511637794e-07	1.5606300714893754e-05	1.506413364192691	
0.02	0.00464	7.654096439096097e-07	1.0732742339429902e-07	1.5667122724368873e-05	1.5154636424539527	
0.02	0.00468	7.699377055420663e-07	1.0794425528041031e-07	1.5728310782392174e-05	1.5245957791261167	
0.02	0.00472	7.745067695898006e-07	1.0856653500110292e-07	1.5789867941080678e-05	1.5338107651495607	
0.02	0.00476	7.791173389678653e-07	1.091943277517043e-07	1.5851797286129554e-05	1.543109606518504	
0.02	0.0048	7.837699244050598e-07	1.09827699714182e-07	1.591410193729331e-05	1.5524933245565589	
0.02	0.00484	7.884650445913734e-07	1.1046671807522655e-07	1.5976785048876245e-05	1.5619629561982118	
0.02	0.00488	7.932032263287044e-07	1.1111145104472508e-07	1.6039849810231943e-05	1.5715195542763238	
0.02	0.00492	7.979850046849477e-07	1.1176196787463326e-07	1.6103299446272796e-05	1.5811641878158642	
0.02	0.00496	8.028109231515402e-07	1.1241833887825755e-07	1.6167137217989344e-05	1.5908979423339948	
0.02	0.005	8.076815338045491e-07	1.1308063544995738e-07	1.6231366422979674e-05	1.6007219201466727	
0.02	0.00504	8.125973974693882e-07	1.1374893008527533e-07	1.6295990395989564e-05	1.610637240681908	
0.02	0.00508	8.175590838892861e-07	1.1442329640151173e-07	1.636101250946322e-05	1.6206450407999171	
0.02	0.00512	8.225671718975472e-07	1.1510380915874768e-07	1.6426436174105248e-05	1.6307464751202536	
0.02	0.00516	8.276222495937906e-07	1.1579054428133507e-07	1.6492264839453875e-05	1.6409427163561392	
0.02	0.0052	8.327249145241712e-07	1.1648357887985881e-07	1.655850199446611e-05	1.651234955656192	
0.02	0.00524	8.378757738657748e-07	1.1718299127358827e-07	1.662515116811495e-05	1.6616244029536966	
0.02	0.00528	8.430754446152499e-07	1.1788886101342806e-07	1.6692215929999035e-05	1.6721122873236358	
0.02	0.00532	8.483245537818089e-07	1.1860126890538197e-07	1.675969989096517e-05	1.6826998573476872	
0.02	0.00536	8.536237385846959e-07	1.1932029703454172e-07	1.6827606703744156e-05	1.6933883814873498	
0.02	0.0054	8.589736466552675e-07	1.200460287896164e-07	1.6895940063600266e-05	1.7041791484654718	
0.02	0.00544	8.643749362437945e-07	1.2077854888801465e-07	1.696470370899491e-05	1.7150734676563322	
0.02	0.00548	8.698282764311031e-07	1.2151794340149377e-07	1.703390142226475e-05	1.7260726694845312	
0.02	0.00552	8.753343473452231e-07	1.2226429978239418e-07	1.710353703031514e-05	1.7371781058329292	
0.02	0.00556	8.808938403831294e-07	1.230177068904682e-07	1.717361440532883e-05	1.7483911504598206	
0.02	0.0056	8.865074584377576e-07	1.2377825502032562e-07	1.724413746549109e-05	1.7597131994256494	
0.02	0.00564	8.921759161304191e-07	1.2454603592950635e-07	1.731511017573138e-05	1.771145671529467	
0.02	0.00568	8.978999400487684e-07	1.2532114286720144e-07	1.7386536548482292e-05	1.7826900087553863	
0.02	0.00572	9.036802689904783e-07	1.2610367060363623e-07	1.745842064445642e-05	1.794347676729339	
0.02	0.00576	9.095176542127679e-07	1.268937154601363e-07	1.7530766573441883e-05	1.806120165186388	
0.02	0.0058	9.154128596879766e-07	1.2769137533989025e-07	1.7603578495116997e-05	1.8180089884488082	
0.02	0.00584	9.213666623653115e-07	1.2849674975943384e-07	1.767686061988505e-05	1.8300156859153869	
0.02	0.00588	9.273798524389897e-07	1.2930993988086874e-07	1.775061720972983e-05	1.8421418225620212	
0.02	0.00592	9.334532336229086e-07	1.3013104854484047e-07	1.7824852579092792e-05	1.8543889894541512	
0.02	0.00596	9.395876234320577e-07	1.3096018030429317e-07	1.789957109577264e-05	1.866758804271116	
0.02	0.006	9.457838534708602e-07	1.317974414590245e-07	1.7974777181848582e-05	1.8792529118429693	
0.02	0.00604	9.520427697286368e-07	1.3264294009106014e-07	1.8050475314627696e-05	1.8918729846999214	
0.02	0.00608	9.583652328823867e-07	1.334967861008728e-07	1.812667002761806e-05	1.9046207236348511	
0.02	0.00612	9.647521186071204e-07	1.3435909124446684e-07	1.820336591152826e-05	1.9174978582792068	
0.02	0.00616	9.71204317893937e-07	1.3522996917135362e-07	1.8280567615294886e-05	1.9305061476926721	
0.02	0.0062	9.777227373760862e-07	1.3610953546344232e-07	1.835827984713907e-05	1.943647380966959	
0.02	0.00624	9.843082996632384e-07	1.369979076748707e-07	1.843650737565335e-05	1.9569233778441568	
0.02	0.00628	9.909619436842097e-07	1.378952053728032e-07	1.8515255030920655e-05	1.9703359893499797	
0.02	0.00632	9.976846250383789e-07	1.388015501792215e-07	1.8594527705666713e-05	1.9838870984423873	
0.02	0.00636	1.0044773163560708e-06	1.3971706581373842e-07	1.8674330356447518e-05	1.997578620675962	
0.02	0.0064	1.0113410076681431e-06	1.4064187813746204e-07	1.8754668004873913e-05	2.0114125048825002	
0.02	0.00644	1.0182767067850836e-06	1.4157611519793812e-07	1.8835545738875184e-05	2.0253907338682966	
0.02	0.00648	1.025285439685865e-06	1.4251990727520684e-07	1.8916968714003415e-05	2.039515325128526	
0.02	0.00652	1.032368250916886e-06	1.434733869289985e-07	1.8998942154781404e-05	2.0537883315792858	
0.02	0.00656	1.0395262040012652e-06	1.4443668904710768e-07	1.908147135609618e-05	2.068211842307739	
0.02	0.0066	1.0467603818588298e-06	1.454099508949744e-07	1.916456168464089e-05	2.0827879833409013	
0.02	0.00664	1.0540718872371074e-06	1.4639331216650995e-07	1.9248218580407883e-05	2.097518918433593	
0.02	0.00668	1.0614618431536584e-06	1.473869150362029e-07	1.9332447558236332e-05	2.1124068498761326	
0.02	0.00672	1.0689313933500934e-06	1.483909042125418e-07	1.9417254209417206e-05	2.1274540193222826	
0.02	0.00676	1.0764817027581467e-06	1.4940542699279376e-07	1.9502644203359904e-05	2.1426627086381043	
0.02	0.0068	1.0841139579781554e-06	1.5043063331917826e-07	1.958862328932389e-05	2.1580352407722616	
0.02	0.00684	1.091829367770342e-06	1.514666758364771e-07	1.967519729822038e-05	2.1735739806484546	
0.02	0.00688	1.0996291635593056e-06	1.5251370995112336e-07	1.9762372144488116e-05	2.1892813360805863	
0.02	0.00692	1.1075145999521166e-06	1.535718938918123e-07	1.985015382804882e-05	2.205159758711347	
0.02	0.00696	1.1154869552704408e-06	1.5464138877168097e-07	1.993854843634797e-05	2.2212117449749065	
0.02	0.007	1.1235475320971688e-06	1.5572235865210144e-07	2.0027562146486925e-05	2.2374398370844357	
0.02	0.00704	1.1316976578379479e-06	1.5681497060813754e-07	2.0117201227453595e-05	2.253846624045153	
0.02	0.00708	1.1399386852981595e-06	1.579193947957152e-07	2.020747204245849e-05	2.2704347426937184	
0.02	0.00712	1.1482719932757825e-06	1.5903580452055654e-07	2.0298381051385494e-05	2.2872068787647124	
0.02	0.00716	1.156698987170664e-06	1.60164376308933e-07	2.038993481336533e-05	2.3041657679850127	
0.02	0.0072	1.1652210996107589e-06	1.6130528998029298e-07	2.0482139989482664e-05	2.3213141971969593	
0.02	0.00724	1.1738397910958275e-06	1.6245872872181917e-07	2.0575003345627647e-05	2.3386550055111166	
0.02	0.00728	1.1825565506592212e-06	1.6362487916497777e-07	2.0668531755504415e-05	2.3561910854895762	
0.02	0.00732	1.1913728965482907e-06	1.6480393146411822e-07	2.0762732203810094e-05	2.3739253843606876	
0.02	0.00736	1.2002903769240854e-06	1.659960793771908e-07	2.0857611789600083e-05	2.391860905266226	
0.02	0.0074	1.2093105705809126e-06	1.672015203486423e-07	2.0953177729856088e-05	2.4100007085419786	
0.02	0.00744	1.2184350876864878e-06	1.6842045559456372e-07	2.104943736327636e-05	2.4283479130327246	
0.02	0.00748	1.2276655705432996e-06	1.6965309019015606e-07	2.1146398154309314e-05	2.4469056974427867	
0.02	0.00752	1.237003694371934e-06	1.7089963315959066e-07	2.1244067697454293e-05	2.46567730172314	
0.02	0.00756	1.2464511681170895e-06	1.7216029756833755e-07	2.1342453721856357e-05	2.4846660284963007	
0.02	0.0076	1.2560097352770465e-06	1.734353006180404e-07	2.1441564096224996e-05	2.5038752445201364	
0.02	0.00764	1.265681174757383e-06	1.7472486374402162e-07	2.1541406834110904e-05	2.5233083821918543	
0.02	0.00768	1.2754673017497806e-06	1.7602921271549804e-07	2.164199009957873e-05	2.542968941093396	
0.02	0.00772	1.2853699686367707e-06	1.7734857773859794e-07	2.17433222133193e-05	2.562860489579605	
0.02	0.00776	1.2953910659233114e-06	1.7868319356226857e-07	2.1845411659249957e-05	2.582986666410469	
0.02	0.0078	1.3055325231961518e-06	1.8003329958716743e-07	2.1948267091658927e-05	2.603351182428895	
0.02	0.00784	1.3157963101119055e-06	1.8139913997763523e-07	2.2051897342956545e-05	2.6239578222854565	
0.02	0.00788	1.326184437414907e-06	1.8278096377685293e-07	2.215631143210566e-05	2.6448104462116424	
0.02	0.00792	1.3366989579858504e-06	1.8417902502528423e-07	2.226151857381328e-05	2.6659129918431566	
0.02	0.00796	1.3473419679223173e-06	1.855935828825154e-07	2.236752818857763e-05	2.6872694760949187	
0.02	0.008	1.3581156076523455e-06	1.8702490175260458e-07	2.2474349913698994e-05	2.7088839970894267	
0.02	0.00804	1.3690220630822325e-06	1.8847325141305525e-07	2.2581993615378024e-05	2.730760736140287	
0.02	0.00808	1.380063566779783e-06	1.8993890714753935e-07	2.2690469402045243e-05	2.7529039597926546	
0.02	0.00812	1.391242399194323e-06	1.914221498824942e-07	2.2799787639087022e-05	2.775318021922527	
0.02	0.00816	1.4025608899148234e-06	1.9292326632772258e-07	2.2909958965159574e-05	2.7980073658968045	
0.02	0.0082	1.414021418967536e-06	1.9444254912113614e-07	2.3020994310314144e-05	2.8209765267961986	
0.02	0.00824	1.42562641815463e-06	1.9598029697778122e-07	2.3132904916191887e-05	2.8442301337030313	
0.02	0.00828	1.4373783724353545e-06	1.9753681484329593e-07	2.3245702358592e-05	2.8677729120561395	
0.02	0.00832	1.4492798213513563e-06	1.991124140519461e-07	2.3359398572766837e-05	2.891609686075207	
0.02	0.00836	1.461333360497839e-06	2.0070741248940953e-07	2.3474005881860997e-05	2.915745381256742	
0.02	0.0084	1.473541643042319e-06	2.023221347604656e-07	2.358953702898427e-05	2.940185026944319	
0.02	0.00844	1.4859073812928824e-06	2.0395691236176079e-07	2.3706005213497934e-05	2.9649337589754947	
0.02	0.00848	1.4984333483178506e-06	2.0561208385984277e-07	2.3823424132201567e-05	2.9899968224081146	
0.02	0.00852	1.5111223796189587e-06	2.0728799507463142e-07	2.3941808026236856e-05	3.015379574328705	
0.02	0.00856	1.5239773748601692e-06	2.0898499926853733e-07	2.4061171734683303e-05	3.041087486745858	
0.02	0.0086	1.5370012996544899e-06	2.107034573414197e-07	2.4181530756014115e-05	3.0671261495715125	
0.02	0.00864	1.5501971874111338e-06	2.1244373803160054e-07	2.430290131881508e-05	3.0935012736933	
0.02	0.00868	1.5635681412456858e-06	2.142062181231569e-07	2.4425300463461746e-05	3.120218694141017	
0.02	0.00872	1.5771173359559781e-06	2.1599128265971223e-07	2.4548746136807314e-05	3.14728437335077	
0.02	0.00876	1.5908480200666204e-06	2.177993251649838e-07	2.4673257302379468e-05	3.1747044045300394	
0.02	0.0088	1.6047635179453413e-06	2.1963074787031823e-07	2.4798854069140025e-05	3.2024850151274453	
0.02	0.00884	1.6188672319945299e-06	2.2148596194949672e-07	2.492555784255596e-05	3.2306325704108545	
0.02	0.00888	1.63316264492169e-06	2.233653877610727e-07	2.505339150260693e-05	3.259153577157834	
0.02	0.00892	1.6476533220927764e-06	2.2526945509853856e-07	2.5182379614463925e-05	3.2880546874624246	
0.02	0.00896	1.6623429139728803e-06	2.2719860344862622e-07	2.531254867898615e-05	3.3173427026625637	
0.02	0.009	1.6772351586591336e-06	2.2915328225805685e-07	2.5443927431993345e-05	3.347024577392523	
0.02	0.00904	1.6923338845113635e-06	2.311339512090866e-07	2.557654720360393e-05	3.3771074237649144	
0.02	0.00908	1.707643012886623e-06	2.3314108050420346e-07	2.571044235195677e-05	3.4075985156872157	
0.02	0.00912	1.7231665609848174e-06	2.3517515116035782e-07	2.5845650789588235e-05	3.4385052933175873	
0.02	0.00916	1.7389086448136048e-06	2.3723665531313947e-07	2.598221462594343e-05	3.469835367665376	
0.02	0.0092	1.7548734822823494e-06	2.3932609653133645e-07	2.612018095639911e-05	3.5015965253416117	
0.02	0.00924	1.7710653964367807e-06	2.414439901423578e-07	2.625960283740419e-05	3.5337967334652234	
0.02	0.00928	1.7874888188485213e-06	2.4359086356904317e-07	2.6400540499781733e-05	3.56644414473085	
0.02	0.00932	1.8041482931770752e-06	2.457672566784343e-07	2.6543062869159138e-05	3.599547102644336	
0.02	0.00936	1.8210484789263655e-06	2.479737221431662e-07	2.668724948573755e-05	3.6331141469325416	
0.02	0.0094	1.8381941554242887e-06	2.5021082581621454e-07	2.6833192947865485e-05	3.6671540191338585	
0.02	0.00944	1.8555902260622882e-06	2.5247914711986985e-07	2.6981002049122954e-05	3.701675668376751	
0.02	0.00948	1.87324172284443e-06	2.5477927944997486e-07	2.7130805842821847e-05	3.7366882573534177	
0.02	0.00952	1.8911538113127284e-06	2.571118305966856e-07	2.728275896005082e-05	3.7722011684962578	
0.02	0.00956	1.90933179594107e-06	2.5947742318334945e-07	2.7437048641637567e-05	3.808224010365194	
0.02	0.0096	1.9277811261272726e-06	2.6187669512557363e-07	2.7593904142587047e-05	3.8447666242540857	
0.02	0.00964	1.9465074029686553e-06	2.6431030011324136e-07	2.7753609464606526e-05	3.881839091024992	
0.02	0.00968	1.965516387091458e-06	2.667789081192949e-07	2.791652082488372e-05	3.9194517381794167	
0.02	0.00972	1.9848140079357767e-06	2.692832059407153e-07	2.808309097095038e-05	3.9576151471759733	
0.02	0.00976	2.004406375105197e-06	2.7182389777966917e-07	2.82539035601458e-05	3.99634016100464	
0.02	0.0098	2.0242997927246993e-06	2.7440170587685895e-07	2.8429722610133773e-05	4.035637892027755	
0.02	0.00984	2.044500778301317e-06	2.770173712158166e-07	2.8611564974532443e-05	4.075519730098973	
0.02	0.00988	2.0650160885120035e-06	2.7967165432814917e-07	2.8800808773961643e-05	4.1159973509715195	
0.02	0.00992	2.0858527559532382e-06	2.823653362492713e-07	2.8999359330926757e-05	4.157082725007788	
0.02	0.00996	2.1070181437519113e-06	2.8509921970883476e-07	2.9209909493457032e-05	4.198788126203097	
0.02	0.01	2.1285200301823667e-06	2.8787413070356695e-07	2.9436359313808396e-05	4.24112614153694	
0.02	0.01004	2.150366745320333e-06	2.9069092071984483e-07	2.9684512974964168e-05	4.284109680666208	
0.02	0.01008	2.172567400910328e-06	2.935504701049905e-07	2.9963273363497743e-05	4.327751985975825	
0.02	0.01012	2.195132292471669e-06	2.964536935441478e-07	3.0286757329567308e-05	4.372066643004302	
0.02	0.01016	2.2180736275659054e-06	2.9940154950568354e-07	3.0678155681218845e-05	4.417067591264314	
0.02	0.0102	2.24140687409479e-06	3.023950572109986e-07	3.1176911245539225e-05	4.4627691354833665	
0.02	0.01024	2.265153216457127e-06	3.054353270309878e-07	3.185182680470938e-05	4.509185957295955	
0.02	0.01028	2.2893433988069204e-06	3.0852360768819883e-07	3.282159791713074e-05	4.5563331274133985	
0.02	0.01032	2.314019266991494e-06	3.116613056477008e-07	3.42630222930654e-05	4.604226118185272	
0.02	0.01036	2.339206254528503e-06	3.1484965305180967e-07	3.626363815198364e-05	4.652880815807703	
0.02	0.0104	2.3647864336335997e-06	3.18088172838017e-07	3.814197412824787e-05	4.70231353018827	
0.02	0.01044	2.3904574359036204e-06	3.213741826379354e-07	3.8227553134227025e-05	4.752541007786234	
0.02	0.01048	2.4162505654352383e-06	3.2470906315917913e-07	3.663487556452193e-05	4.80358046098093	
0.02	0.01052	2.4424865340738693e-06	3.2809772361756683e-07	3.50263631858701e-05	4.855449581934431	
0.02	0.01056	2.4692847661174003e-06	3.315426668151616e-07	3.39850591137165e-05	4.908166544288728	
0.02	0.0106	2.4966354602666954e-06	3.3504486182890514e-07	3.3400393157780134e-05	4.961750021570757	
0.02	0.01064	2.524517392550953e-06	3.386051700588301e-07	3.3098846827689244e-05	5.016219207555887	
0.02	0.01068	2.5529208409900984e-06	3.42224623592105e-07	3.296662600531274e-05	5.07159383460074	
0.02	0.01072	2.581845426981487e-06	3.459044001822839e-07	3.293803164051721e-05	5.127894191972302	
0.02	0.01076	2.6112963779034413e-06	3.4964577917544694e-07	3.297537409597795e-05	5.185141144878687	
0.02	0.0108	2.6412822039291646e-06	3.534501145911403e-07	3.305645579218406e-05	5.243356154322607	
0.02	0.01084	2.671813438546301e-06	3.5731882112043806e-07	3.316774531096522e-05	5.302561297804953	
0.02	0.01088	2.7029019686607864e-06	3.6125336730821064e-07	3.33007042453359e-05	5.362779290904315	
0.02	0.01092	2.73456067475291e-06	3.6525527254075767e-07	3.344976992297052e-05	5.424033509766194	
0.02	0.01096	2.7668032353002744e-06	3.693261060779895e-07	3.3611213211960105e-05	5.486348014541715	
0.02	0.011	2.799644020622211e-06	3.7346748722768183e-07	3.378247042162319e-05	5.549747573820188	
0.02	0.01104	2.8330980371055365e-06	3.7768108619260815e-07	3.396173999976754e-05	5.61425769010356	
0.02	0.01108	2.867180900906926e-06	3.8196862534092516e-07	3.414773180829701e-05	5.679904626374142	
0.02	0.01112	2.901908829612088e-06	3.863318807639076e-07	3.4339506987066794e-05	5.746715433810207	
0.02	0.01116	2.9372986453249878e-06	3.907726840457422e-07	3.453637312739938e-05	5.81471798070764	
0.02	0.0112	2.973367785395732e-06	3.952929242033852e-07	3.4737814099180094e-05	5.883940982668944	
0.02	0.01124	3.0101343185386443e-06	3.9989454977342187e-07	3.494344211090199e-05	5.9544140341250555	
0.02	0.01128	3.047616964987125e-06	4.045795710339182e-07	3.5152964347454286e-05	6.026167641259005	
0.02	0.01132	3.0858351198657255e-06	4.093500623560022e-07	3.536615935879126e-05	6.099233256404956	
0.02	0.01136	3.124808879286739e-06	4.142081646841595e-07	3.558286009139129e-05	6.173643314000314	
0.02	0.0114	3.1645590688846e-06	4.191560881470359e-07	3.58029415220358e-05	6.249431268173829	
0.02	0.01144	3.2051072746345606e-06	4.2419611480248466e-07	3.6026311530192495e-05	6.326631632057422	
0.02	0.01148	3.2464758758916284e-06	4.2933060152204054e-07	3.625290408242063e-05	6.405280018915039	
0.02	0.01152	3.288688080647347e-06	4.345619830211573e-07	3.64826740895417e-05	6.4854131851879995	
0.02	0.01156	3.3317679630470183e-06	4.3989277504248713e-07	3.6715593489264295e-05	6.567069075562275	
0.02	0.0116	3.375740503243936e-06	4.453255777003639e-07	3.695164823712422e-05	6.6502868701704045	
0.02	0.01164	3.420631629694501e-06	4.5086307899546906e-07	3.719083597813557e-05	6.735107034047674	
0.02	0.01168	3.4664682640212366e-06	4.565080585094523e-07	3.7433164233939056e-05	6.821571368970397	
0.02	0.01172	3.5132783685917497e-06	4.622633912901368e-07	3.7678648984257204e-05	6.909723067812537	
0.02	0.01176	3.5610909969809243e-06	4.6813205193874774e-07	3.7927313552878944e-05	6.999606771566014	
0.02	0.0118	3.609936347503207e-06	4.7411711891154386e-07	3.8179187731066296e-05	7.091268629180149	
0.02	0.01184	3.6598458200211537e-06	4.802217790491656e-07	3.8434307087798067e-05	7.1847563603861095	
0.02	0.01188	3.7108520762566185e-06	4.86449332348044e-07	3.869271242842824e-05	7.280119321684038	
0.02	0.01192	3.7629891038524008e-06	4.928031969893376e-07	3.895444937237418e-05	7.377408575682809	
0.02	0.01196	3.816292284454943e-06	4.992869146420357e-07	3.921956802722384e-05	7.4766769639961055	
0.02	0.012	3.870798466113224e-06	5.059041560582087e-07	3.948812274177224e-05	7.577979183912978	
0.02	0.01204	3.9265460403158355e-06	5.126587269797377e-07	3.976017192440444e-05	7.681371869076956	
0.02	0.01208	3.983575024017277e-06	5.195545743774698e-07	4.003577791624658e-05	7.786913674425373	
0.02	0.01212	4.041927147036431e-06	5.26595793045359e-07	4.031500691083447e-05	7.894665365658664	
0.02	0.01216	4.101645945245176e-06	5.337866325740417e-07	4.059792891387361e-05	8.004689913530724	
0.02	0.0122	4.1627768600037715e-06	5.411315047302619e-07	4.088461773810303e-05	8.117052593272597	
0.02	0.01224	4.225367344341837e-06	5.486349912708106e-07	4.11751510294247e-05	8.2318210894872	
0.02	0.01228	4.2894669764309905e-06	5.563018522220088e-07	4.146961032138562e-05	8.349065606878103	
0.02	0.01232	4.355127580946813e-06	5.641370346584704e-07	4.176808111585725e-05	8.468858987205284	
0.02	0.01236	4.42240335897548e-06	5.721456820177602e-07	4.207065298838417e-05	8.591276832891978	
0.02	0.0124	4.491351027184005e-06	5.80333143990811e-07	4.237741971720299e-05	8.716397637741505	
0.02	0.01244	4.562029967043864e-06	5.887049870314922e-07	4.268847943538638e-05	8.84430292526128	
0.02	0.01248	4.634502384976666e-06	5.97267005532658e-07	4.300393480596642e-05	8.975077395133027	
0.02	0.01252	4.708833484377925e-06	6.060252337203318e-07	4.332389322025109e-05	9.10880907841394	
0.02	0.01256	4.785091650573273e-06	6.149859583224868e-07	4.364846701987728e-05	9.245589502105153	
0.02	0.0126	4.863348649870187e-06	6.241557320742183e-07	4.39777737434597e-05	9.38551386377895	
0.02	0.01264	4.943679843990973e-06	6.335413881270083e-07	4.4311936398999766e-05	9.528681217018768	
0.02	0.01268	5.026164421309289e-06	6.431500554363855e-07	4.465108376352333e-05	9.675194668494553	
0.02	0.01272	5.110885646466122e-06	6.529891752096018e-07	4.4995350711729235e-05	9.825161587571731	
0.02	0.01276	5.197931130113659e-06	6.630665185031541e-07	4.53448785757551e-05	9.978693829436843	
0.02	0.0128	5.2873931207294e-06	6.733902050691189e-07	4.569981553851291e-05	10.135907972816842	
0.02	0.01284	5.379368820661446e-06	6.839687235595237e-07	4.606031706341914e-05	10.296925573473615	
0.02	0.01288	5.473960728812835e-06	6.948109532094803e-07	4.642654636375135e-05	10.461873434772373	
0.02	0.01292	5.5712770126515026e-06	7.059261871327112e-07	4.679867491531071e-05	10.63088389675337	
0.02	0.01296	5.671431912548314e-06	7.173241573776537e-07	4.7176883016569115e-05	10.80409514528306	
0.02	0.013	5.7745461818040105e-06	7.290150619087173e-07	4.7561360401036896e-05	10.981651543025354	
0.02	0.01304	5.880747566132636e-06	7.410095936958015e-07	4.795230690721626e-05	11.16370398415929	
0.02	0.01308	5.990171326832638e-06	7.533189721161434e-07	4.834993321221456e-05	11.350410274978042	
0.02	0.01312	6.102960812404873e-06	7.659549768963856e-07	4.875446163590004e-05	11.541935542740815	
0.02	0.01316	6.219268083980723e-06	7.789299848497529e-07	4.9166127023402494e-05	11.738452675416465	
0.02	0.0132	6.33925460061422e-06	7.922570096940703e-07	4.9585177714812586e-05	11.940142795261838	
0.02	0.01324	6.463091971284874e-06	8.059497452714778e-07	5.00118766121424e-05	12.147195769523247	
0.02	0.01328	6.590962781368698e-06	8.200226125309559e-07	5.044650235499652e-05	12.359810761944242	
0.02	0.01332	6.723061502384347e-06	8.344908106808636e-07	5.088935061800638e-05	12.578196829214034	
0.02	0.01336	6.859595495032119e-06	8.493703729716918e-07	5.134073554493259e-05	12.802573567007933	
0.02	0.0134	7.000786116944424e-06	8.646782276303498e-07	5.1800991336487467e-05	13.03317181086641	
0.02	0.01344	7.146869948190839e-06	8.804322645377457e-07	5.22704740114286e-05	13.270234397845012	
0.02	0.01348	7.2981001494681814e-06	8.966514083231464e-07	5.274956336338373e-05	13.514016995660011	
0.02	0.01352	7.454747970105125e-06	9.133556986435191e-07	5.323866513927088e-05	13.764789006974226	
0.02	0.01356	7.617104425578962e-06	9.305663785264453e-07	5.373821346916107e-05	14.022834557536296	
0.02	0.0136	7.785482167248618e-06	9.483059917839133e-07	5.4248673582118765e-05	14.288453578134163	
0.02	0.01364	7.960217570537987e-06	9.665984906550356e-07	5.477054484807091e-05	14.56196299178269	
0.02	0.01368	8.141673071958352e-06	9.854693550126568e-07	5.530436419228063e-05	14.843698019279	
0.02	0.01372	8.330239790262838e-06	1.0049457246771873e-06	5.5850709936729096e-05	15.13401361827746	
0.02	0.01376	8.526340472832556e-06	1.0250565466269652e-06	5.641020613190318e-05	15.433286073422416	
0.02	0.0138	8.730432815287617e-06	1.0458327391861159e-06	5.698352745344505e-05	15.741914757907315	
0.02	0.01384	8.94301321052802e-06	1.0673073756173779e-06	5.757140475123583e-05	16.060324090198648	
0.02	0.01388	9.164620993220988e-06	1.08951588996091e-06	5.81746313542307e-05	16.38896571369147	
0.02	0.01392	9.395843257514103e-06	1.1124963084549542e-06	5.879407025333401e-05	16.72832093189557	
0.02	0.01396	9.637320339903727e-06	1.1362895104689635e-06	5.943066230753846e-05	17.07890343757377	
0.02	0.014	9.889752076271412e-06	1.160939523596861e-06	6.008543564639286e-05	17.441262381296685	
0.02	0.01404	1.0153904962799551e-05	1.1864938584264272e-06	6.075951647577986e-05	17.815985833434706	
0.02	0.01408	1.0430620375655947e-05	1.2130038895561204e-06	6.145414153548273e-05	18.20370470405009	
0.02	0.01412	1.0720824035082507e-05	1.2405252907191473e-06	6.217067250799772e-05	18.605097197954393	
0.02	0.01416	1.1025536937226513e-05	1.2691185334539595e-06	6.291061274095004e-05	19.02089389796532	
0.02	0.0142	1.1345888023482823e-05	1.2988494607057589e-06	6.367562672344566e-05	19.451883588920474	
0.02	0.01424	1.168312891455286e-05	1.3297899491504617e-06	6.446756285380151e-05	19.898919959297096	
0.02	0.01428	1.203865110780788e-05	1.3620186770254162e-06	6.528848015764867e-05	20.362929347677014	
0.02	0.01432	1.2414006125690894e-05	1.3956220179912667e-06	6.61406797683397e-05	20.844919739523878	
0.02	0.01436	1.2810929214789333e-05	1.430695086248396e-06	6.702674217505514e-05	21.345991268109895	
0.02	0.0144	1.3231367336411823e-05	1.4673429640677066e-06	6.794957149014088e-05	21.867348534996886	
0.02	0.01444	1.367751236867344e-05	1.50568215043856e-06	6.891244830221482e-05	22.410315144342153	
0.02	0.01448	1.4151840668766475e-05	1.545842279179439e-06	6.991909308726296e-05	22.97635094698929	
0.02	0.01452	1.4657160437730245e-05	1.5879681672620552e-06	7.097374267584015e-05	23.56707262232516	
0.02	0.01456	1.5196668709502348e-05	1.6322222701650815e-06	7.208124296093413e-05	24.18427839853209	
0.02	0.0146	1.5774020279733647e-05	1.6787876420251096e-06	7.324716193360479e-05	24.82997793935477	
0.02	0.01464	1.6393411536719027e-05	1.7278715258771453e-06	7.447792832933028e-05	25.506428727658257	
0.02	0.01468	1.7059683010690886e-05	1.7797097357181954e-06	7.578100276525135e-05	26.216180680761646	
0.02	0.01472	1.77784455937911e-05	1.8345720407689337e-06	7.716509040031231e-05	26.962131279438207	
0.02	0.01476	1.8556236907119142e-05	1.8927688277971622e-06	7.864040707559775e-05	27.747594238471578	
0.02	0.0148	1.9400716353914275e-05	1.954659406347267e-06	8.021901490744787e-05	28.576385774393678	
0.02	0.01484	2.032091021559103e-05	2.020662443794591e-06	8.191524887399799e-05	29.452933956863998	
0.02	0.01488	2.13275220345903e-05	2.0912691863546417e-06	8.374626374164026e-05	30.3824186446001	
0.02	0.01492	2.24333289474922e-05	2.16706035930687e-06	8.573274174872255e-05	31.3709523768567	
0.02	0.01496	2.3653692272563193e-05	2.248727975908513e-06	8.789981736125071e-05	32.42581673290742	
0.02	0.015	2.5007221557720148e-05	2.337103767167176e-06	9.027829854896548e-05	33.55577472973056	
0.02	0.01504	2.6516647049514773e-05	2.4331966469531558e-06	9.290629817660398e-05	34.77148881871148	
0.02	0.01508	2.8209978624886504e-05	2.538242663553155e-06	9.58314402844586e-05	36.08608759564505	
0.02	0.01512	3.0122063542216035e-05	2.6537724426170666e-06	9.91138840150191e-05	37.51594511634532	
0.02	0.01516	3.22967071955712e-05	2.7817034946423794e-06	0.00010283052889526866	39.081769145003584	
0.02	0.0152	3.478960067545944e-05	2.9244684348030365e-06	0.00010708095641659411	40.810146290569165	
0.02	0.01524	3.7672423517790216e-05	3.085195976485382e-06	0.00011199597153186699	42.73577591260567	
0.02	0.01528	4.103868884626441e-05	3.267970952406522e-06	0.00011775011721945454	44.90476423854453	
0.02	0.01532	4.5012222294491634e-05	3.4782151404925525e-06	0.00012458039689311942	47.37958794700165	
0.02	0.01536	4.975970702947839e-05	3.723256964422112e-06	0.00013281493475124148	50.24675245057904	
0.02	0.0154	5.5509652563428004e-05	4.0132038606213164e-06	0.00014291797180816294	53.62891820635062	
0.02	0.01544	6.25817707620108e-05	4.362312865083937e-06	0.00015556249357978854	57.70465308741869	
0.02	0.01548	7.143367995007515e-05	4.791205470392383e-06	0.00017175104309698273	62.74160637242682	
0.02	0.01552	8.273732044550184e-05	5.330557742514988e-06	0.00019302323677705246	69.15405372851725	
0.02	0.01556	9.750790426365739e-05	6.02744894232967e-06	0.00022182396623377602	77.60598979957831	
0.02	0.0156	0.0001173285963857881	6.956630963666605e-06	0.0002621756694042063	89.20096652820428	
0.02	0.01564	0.0001447539532342253	8.241010209999212e-06	0.0003209219371262118	105.83509428780616	
0.02	0.01568	0.00018404859027039262	1.008871525468573e-05	0.00040994095231735575	130.82222297154513	
0.02	0.01572	0.00024251733595073537	1.2853668925340392e-05	0.000549222468860877	169.71732292099404	
0.02	0.01576	0.00033258720044901857	1.7088144423804292e-05	0.0007654695553726699	229.53730771147477	
0.02	0.0158	0.00047328003071103926	2.334945231109965e-05	0.0010572671712285493	306.9451314569108	
0.02	0.01584	0.000684293234929963	3.1348163284727826e-05	0.001296226779545048	356.21582344208724	
0.02	0.01588	0.0009526842501097295	3.956112235025128e-05	0.0013146224344308438	323.42452848888456	
0.02	0.01592	0.0011315098225380847	4.405389177207021e-05	0.001170596090536586	250.25734707117414	
0.02	0.01596	0.0010180489801718973	3.9228997696080934e-05	0.0009340513693653649	190.71398101955535	
0.02	0.016	0.0007420798246870885	2.9444162270753788e-05	0.0006889714194549155	152.9910471918796	
0.02	0.01604	0.0005094762500423435	2.1375102846309517e-05	0.0005089049751355781	130.45093683094518	
0.02	0.01608	0.0003576007560218646	1.6160623870831793e-05	0.0003927766558627869	117.1324484315983	
0.02	0.01612	0.0002627983361375518	1.2951616855146334e-05	0.00031889056166488653	109.41133006520498	
0.02	0.01616	0.00020253371118519067	1.0962043372639638e-05	0.000270761120127993	105.2217934861101	
0.02	0.0162	0.0001629477500547033	9.709890888825976e-06	0.00023848366262796866	103.37768664027834	
0.02	0.01624	0.0001361031673755637	8.918949776660812e-06	0.0002163024362473529	103.18068779807786	
0.02	0.01628	0.00011741682992191007	8.429679445390684e-06	0.00020080970789406946	104.2093024937686	
0.02	0.01632	0.00010416212918843521	8.147350174367959e-06	0.00018992248861255791	106.20488507221737	
0.02	0.01636	9.466055802714789e-05	8.014020243873987e-06	0.00018232500859412652	109.00858400729977	
0.02	0.0164	8.784467811263888e-05	7.993359265724866e-06	0.0001771612229275693	112.52545874637684	
0.02	0.01644	8.301594021846789e-05	8.06222678141028e-06	0.000173860400247998	116.70353075835158	
0.02	0.01648	7.970622118547664e-05	8.205859108991546e-06	0.00017203503869269452	121.52133311595094	
0.02	0.01652	7.759611693651874e-05	8.415040186338791e-06	0.00017141928927439406	126.98048407996214	
0.02	0.01656	7.64652871904896e-05	8.684400704782452e-06	0.00017183081261718265	133.1013612245211	
0.02	0.0166	7.616148639143981e-05	9.011382485376034e-06	0.0001731466402835901	139.92079135346788	
0.02	0.01664	7.658083392294952e-05	9.39561085593667e-06	0.00017528768385120818	147.49114188327712	
0.02	0.01668	7.765505600256252e-05	9.83852908427952e-06	0.00017820877022544344	155.8804753005743	
0.02	0.01672	7.934319142461734e-05	1.034321129367005e-05	0.00018189234839220748	165.17360034028368	
0.02	0.01676	8.162625734748041e-05	1.091430677291982e-05	0.0001863447555815645	175.4739708879316	
0.02	0.0168	8.450396250497693e-05	1.1558091220743314e-05	0.00019159438423165713	186.90647469887585	
0.02	0.01684	8.799291588924135e-05	1.2282615778776318e-05	0.00019769138328723908	199.621237000949	
0.02	0.01688	9.212600914723804e-05	1.309795651313929e-05	0.00020470873131443504	213.79865258527224	
0.02	0.01692	9.695280765090232e-05	1.4016577771907411e-05	0.00021274467928332133	229.65596692954463	
0.02	0.01696	0.00010254090267700196	1.5053834508751093e-05	0.0002219267082648952	247.4558671142181	
0.02	0.017	0.0001089782777950097	1.6228653146998235e-05	0.000232417306989575	267.51773676917685	
0.02	0.01704	0.00011637684338341631	1.756445025328487e-05	0.00024442207255960454	290.2325052766994	
0.02	0.01708	0.0001248774099320239	1.9090376624500906e-05	0.00025820090828604586	316.0824248990268	
0.02	0.01712	0.00013465652155754583	2.0843016700847956e-05	0.0002740834849312511	345.6677116821695	
0.02	0.01716	0.00014593578048846195	2.286873820247815e-05	0.0002924907234816281	379.7429028718042	
0.02	0.0172	0.00015899459783897996	2.522698921227363e-05	0.00031396497786344215	419.2672082870523	
0.02	0.01724	0.0001741877638853808	2.799500501215756e-05	0.0003392130652617498	465.4753950241697	
0.02	0.01728	0.00019196993777926413	3.12746600955798e-05	0.00036916869814706795	519.9794200153318	
0.02	0.01732	0.00021293027377233486	3.520266480179776e-05	0.00040508491863585955	584.9171475388395	
0.02	0.01736	0.00023784220933282033	3.996611700412328e-05	0.000448674131251832	663.1749675354909	
0.02	0.0174	0.000267736440788779	4.582687940706769e-05	0.0005023257810904342	758.7295887700755	
0.02	0.01744	0.00030401022213853707	5.316096244607759e-05	0.0005694545584027904	877.1877822524962	
0.02	0.01748	0.000348595071845086	6.252426482647355e-05	0.00065507510671938	1026.6654586850987	
0.02	0.01752	0.0004042211102880754	7.476610221794946e-05	0.0007667824038716539	1219.2673091393779	
0.02	0.01756	0.00047484622644047554	9.123154808056224e-05	0.0009164780998823915	1473.659224574085	
0.02	0.0176	0.0005663754987411486	0.00011412897945708116	0.0011234779121954354	1819.6506925772292	
0.02	0.01764	0.0006879076087177589	0.00014718156370018947	0.0014200300661070622	2306.305847724483	
0.02	0.01768	0.0008539599092334581	0.00019657928218296488	0.0018597851688441523	3014.6831358064246	
0.02	0.01772	0.001088502335944708	0.00027099651434588253	0.0025215834323243412	4066.3360748565	
0.02	0.01776	0.0014320196281308417	0.00037337099584384666	0.0034598519109098674	5567.210107187092	
0.02	0.0178	0.0019512561549403448	0.0004743166633238475	0.0045316891917102	7398.142787344903	
0.02	0.01784	0.002736007759884531	0.0005333626702572813	0.005533647402068345	9382.471871707236	
0.02	0.01788	0.003808734474783528	0.0005927634413029995	0.006728960341489364	11858.636731399703	
0.02	0.01792	0.00493576170449114	0.0006949553633837157	0.008019977170461436	14446.265826208673	
0.02	0.01796	0.005908213913495303	0.0007886091822736297	0.008551853293954298	15851.677744835059	
0.02	0.018	0.00669499055901809	0.0008157973161230906	0.007968203619899032	15726.772408657242	
0.02	0.01804	0.007141812147160996	0.0008130939352422717	0.006909337285503688	14924.827968708705	
0.02	0.01808	0.007376216176242726	0.0007935310388412501	0.0058962392878152605	14235.327739976401	
0.02	0.01812	0.006991595844564874	0.0007032317312707409	0.004752312130720794	12962.137525601738	
0.02	0.01816	0.005716499863973094	0.0005943970615457385	0.003573697381503065	10680.829911713608	
0.02	0.0182	0.00420393112003852	0.000548088220704674	0.0026624906368102157	8376.787171497765	
0.02	0.01824	0.0030734360348896317	0.0005612091924972968	0.002064363768411952	6840.762980653275	
0.02	0.01828	0.0023103271133035094	0.0005473019118411905	0.0016557246206549585	5697.566964513057	
0.02	0.01832	0.001734184310743681	0.00044504919946291275	0.001326902588352019	4448.11968465262	
0.02	0.01836	0.0013021900486181277	0.0003212882738185606	0.0010673684719401527	3312.0231549266937	
0.02	0.0184	0.0009990707720549516	0.00022872795488121177	0.000878086249858419	2486.9658538864346	
0.02	0.01844	0.0007882091781006101	0.0001678357971563625	0.0007418143396118329	1924.0094484916717	
0.02	0.01848	0.0006378556257435122	0.0001278550052819493	0.0006415657437534799	1534.2420055134376	
0.02	0.01852	0.0005272580284002922	0.00010070744518493691	0.0005657710470587574	1255.0446413097477	
0.02	0.01856	0.00044353897775067084	8.154052839575061e-05	0.0005070450543204314	1048.099748416329	
0.02	0.0186	0.000378590505756331	6.751520540142663e-05	0.0004606123619084083	890.0895176352522	
0.02	0.01864	0.00032714684800192514	5.693175315559871e-05	0.00042328792446947607	766.4062962302037	
0.02	0.01868	0.0002856752044496742	4.8735610051044586e-05	0.0003928779475384557	667.5634188841999	
0.02	0.01872	0.000251733702800537	4.2247971742038064e-05	0.0003678269541161907	587.1824595864699	
0.02	0.01876	0.00022358949126343353	3.7016687626175346e-05	0.00034700400362353294	520.8393779616556	
0.02	0.0188	0.0001999842088557141	3.273119672729688e-05	0.00032956886363983036	465.38101268889943	
0.02	0.01884	0.00017998543137505568	2.9172324379372394e-05	0.0003148855321300328	418.50613547443055	
0.02	0.01888	0.00016288986350019403	2.6181651777465362e-05	0.00030246472837595234	378.5002439571466	
0.02	0.01892	0.00014815861875359612	2.3642238517683084e-05	0.0002919246617555903	344.0626674041146	
0.02	0.01896	0.00013537295065553842	2.1466141113063713e-05	0.0002829636607401727	314.1908372012624	
0.02	0.019	0.00012420334650331763	1.958612125932927e-05	0.0002753406932690961	288.10097135503645	
0.02	0.01904	0.00011438755016924493	1.7950008081478685e-05	0.00026886125648297615	265.1725565153308	
0.02	0.01908	0.00010571467331177005	1.6516783692362777e-05	0.0002633669934440632	244.9087460486968	
0.02	0.01912	9.80135347807806e-05	1.525381329008178e-05	0.00025872794350288703	226.90762733795728	
0.02	0.01916	9.114398556152241e-05	1.41348511874843e-05	0.00025483668390344157	210.8410530585478	
0.02	0.0192	8.49903739777494e-05	1.313858283059926e-05	0.00025160384942215516	196.43882699341373	
0.02	0.01924	7.94565665909007e-05	1.2247543453202192e-05	0.00024895466948805903	183.47673966246808	
0.02	0.01928	7.446211436137307e-05	1.1447305571155494e-05	0.0002468262657209675	171.76741139737905	
0.02	0.01932	6.993927185534269e-05	1.0725861151762939e-05	0.0002451655241287134	161.1532094499758	
0.02	0.01936	6.583065875747157e-05	1.0073146630608287e-05	0.00024392740606554313	151.50071568042853	
0.02	0.0194	6.208740989172477e-05	9.48067403314468e-06	0.00024307359739729652	142.69636627944894	
0.02	0.01944	5.866770026377249e-05	8.941241803588001e-06	0.00024257142068756136	134.6429864299448	
0.02	0.01948	5.5535560520038854e-05	8.448706140738043e-06	0.00024239295364007228	127.25701478495114	
0.02	0.01952	5.265991914301469e-05	7.997798714214491e-06	0.00024251431055349093	120.46626432548837	
0.02	0.01956	5.001382302084826e-05	7.583980256164045e-06	0.00024291505356890866	114.20810370629567	
0.02	0.0196	4.757379935320021e-05	7.20332213846035e-06	0.00024357770799221946	108.42797075934514	
0.02	0.01964	4.531933030334124e-05	6.852409954055166e-06	0.00024448736163732565	103.07815026017202	
0.02	0.01968	4.323241816322189e-05	6.528264528370298e-06	0.00024563133244795226	98.11676335405173	
0.02	0.01972	4.1297223620292417e-05	6.228276834055321e-06	0.00024699889196434706	93.50692758228615	
0.02	0.01976	3.9499763400700526e-05	5.950154069035888e-06	0.00024858103475897	89.21605523361885	
0.02	0.0198	3.7827656401292846e-05	5.691874753476664e-06	0.0002503702859570855	85.21526448294672	
0.02	0.01984	3.626990962265489e-05	5.451651155986771e-06	0.0002523605405201575	81.47888298379003	
0.02	0.01988	3.481673693179083e-05	5.227897709085644e-06	0.0002545469292033573	77.98402762889091	
0.02	0.01992	3.3459405030454454e-05	5.019204344777919e-06	0.0002569257070792212	74.71024736218068	
0.02	0.01996	3.219010206914424e-05	4.8243138922561645e-06	0.0002594941613048105	71.63921842140014	
