1.05 0.01 -15.387330999994122
1.05 0.02 -15.459332000000716
1.05 0.03 -15.579404000005662
1.05 0.04 -23.756617999994855
1.05 0.05 -23.756617999994855
1.05 0.06 -24.24326799999918
1.05 0.07 -16.557864999997705
1.05 0.08 -16.94107700000561
1.05 0.09 -17.392508000000145
1.05 0.1 -17.924420999993124
1.05 0.11 -18.55436300000516
1.05 0.12 -19.307069000004944
1.05 0.13 -20.217153999988405
1.05 0.14 -21.33322700000731
1.05 0.15 -22.72420799999719
1.05 0.16 -24.489701000005514
1.05 0.17 -26.776880999995583
1.05 0.18 -29.8047259999991
1.05 0.19 -53.41434299999994
1.05 0.2 -57.502618999996635
1.05 0.21 -64.54934299999658
1.05 0.22 -77.50638800000146
1.05 0.23 -53.2183239999923
1.05 0.24 -31.922637000006365
1.05 0.25 -31.564552000000628
1.05 0.26 -31.916257000004194
1.05 0.27 -32.80240299998735
1.05 0.28 -34.07964700001346
1.05 0.29 -35.502618999996635
1.05 0.3 -36.68228699999606
1.05 0.31 -37.297331000001286
1.05 0.32 -37.40328200000121
1.05 0.33 -37.408695999996375
1.05 0.34 -38.24271600000092
1.05 0.35 -48.78979700001432
1.05 0.36 -74.97961999998044
1.05 0.37 -64.09589800000498
1.05 0.38 -48.62217500000372
1.05 0.39 -45.78579199999484
1.05 0.4 -44.68982500000585
1.05 0.41 -43.95534300000264
1.05 0.42 -43.256564999999746
1.05 0.43 -42.46467599998912
1.05 0.44 -41.496328000007985
1.05 0.45 -40.28242299999519
1.05 0.46 -38.77240600000494
1.05 0.47 -36.94880600000356
1.05 0.48 -34.8371009999848
1.05 0.49 -32.503123000022754
1.1 0.01 -15.140814999998755
1.1 0.02 -15.2129890000019
1.1 0.03 -15.333356000004608
1.1 0.04 -15.502238999989267
1.1 0.05 -15.720497000009157
1.1 0.06 -15.98992499999938
1.1 0.07 -16.313752999996964
1.1 0.08 -16.697273000003708
1.1 0.09 -17.148609999999348
1.1 0.1 -17.679725999997437
1.1 0.11 -18.307753999993217
1.1 0.12 -19.05681700001132
1.1 0.13 -19.96062499999945
1.1 0.14 -21.066232999996195
1.1 0.15 -22.439483999993556
1.1 0.16 -24.17270900001427
1.1 0.17 -26.39395199999322
1.1 0.18 -29.26959199999761
1.1 0.19 -32.96122700000119
1.1 0.2 -37.41018199999614
1.1 0.21 -41.79771700000384
1.1 0.22 -44.342389000000495
1.1 0.23 -71.82248300000525
1.1 0.24 -45.82866799999699
1.1 0.25 -31.87532299999229
1.1 0.26 -32.172687000002725
1.1 0.27 -32.885866000000846
1.1 0.28 -33.81707100001267
1.1 0.29 -34.734773999987375
1.1 0.3 -35.45466000000272
1.1 0.31 -35.93073699999391
1.1 0.32 -36.25256400000328
1.1 0.33 -36.630025000006015
1.1 0.34 -37.67359099999364
1.1 0.35 -42.20228400000947
1.1 0.36 -58.51873099998665
1.1 0.37 -66.7499270000069
1.1 0.38 -53.53548199999553
1.1 0.39 -47.112474000003914
1.1 0.4 -44.94453500000435
1.1 0.41 -43.853207999998176
1.1 0.42 -43.04096799999597
1.1 0.43 -42.25603300000099
1.1 0.44 -41.381310000003744
1.1 0.45 -40.33793699998785
1.1 0.46 -39.064988000010246
1.1 0.47 -37.52373500000239
1.1 0.48 -35.70756000000245
1.1 0.49 -33.64674999998482
1.15 0.01 -14.917450000000445
1.15 0.02 -14.990617000005814
1.15 0.03 -15.112664999987738
1.15 0.04 -15.283952000011432
1.15 0.05 -15.505397999993118
1.15 0.06 -15.778864999997785
1.15 0.07 -16.10768500000873
1.15 0.08 -16.497269999993268
1.15 0.09 -16.95593700000032
1.15 0.1 -17.49589600000177
1.15 0.11 -18.134620000003245
1.15 0.12 -18.896683999995716
1.15 0.13 -19.81627100000159
1.15 0.14 -20.9406000000018
1.15 0.15 -22.334285999993583
1.15 0.16 -24.083797000002892
1.15 0.17 -26.297871000001475
1.15 0.18 -29.088946999999063
1.15 0.19 -32.493363000005644
1.15 0.2 -36.25779999999358
1.15 0.21 -39.55418000000205
1.15 0.22 -41.22924299999827
1.15 0.23 -41.91196300000016
1.15 0.24 -75.63716699999843
1.15 0.25 -32.127231000007555
1.15 0.26 -32.278054999990026
1.15 0.27 -32.69004200000755
1.15 0.28 -33.22772800000224
1.15 0.29 -33.77910499998958
1.15 0.3 -34.28766600000796
1.15 0.31 -34.7605219999991
1.15 0.32 -35.25991999999253
1.15 0.33 -35.9493390000052
1.15 0.34 -37.346590000000255
1.15 0.35 -41.170985000006525
1.15 0.36 -50.61416299999677
1.15 0.37 -58.79942299999085
1.15 0.38 -54.133136000009635
1.15 0.39 -48.04369999999554
1.15 0.4 -45.145314999999144
1.15 0.41 -43.70048900000963
1.15 0.42 -42.75053199999059
1.15 0.43 -41.93995899999688
1.15 0.44 -41.11465000000255
1.15 0.45 -40.186289000008166
1.15 0.46 -39.0913709999905
1.15 0.47 -37.78345300000634
1.15 0.48 -36.237738999993816
1.15 0.49 -34.45723900000527
1.2 0.01 -14.717142000000296
1.2 0.02 -14.792142999997541
1.2 0.03 -14.91729499999648
1.2 0.04 -15.0930350000067
1.2 0.05 -15.320405999999007
1.2 0.06 -15.601446999999743
1.2 0.07 -15.939745999995623
1.2 0.08 -16.341078000010643
1.2 0.09 -16.81424799999199
1.2 0.1 -17.372141999994135
1.2 0.11 -18.03311400001565
1.2 0.12 -18.82280299998456
1.2 0.13 -19.776475000003995
1.2 0.14 -20.941808000004052
1.2 0.15 -22.381435000004487
1.2 0.16 -24.172713999988037
1.2 0.17 -26.397369000009448
1.2 0.18 -29.10283199999328
1.2 0.19 -32.20381700000267
1.2 0.2 -35.319348000008034
1.2 0.21 -37.717187999984944
1.2 0.22 -38.7383360000103
1.2 0.23 -38.50338899999677
1.2 0.24 -62.966618000002796
1.2 0.25 -46.10247999999646
1.2 0.26 -32.07317900000272
1.2 0.27 -32.28018899999793
1.2 0.28 -32.60393800000158
1.2 0.29 -32.98750299999538
1.2 0.3 -33.412537000003766
1.2 0.31 -33.90003999999888
1.2 0.32 -34.520788000005325
1.2 0.33 -35.45654899999008
1.2 0.34 -37.18738000000773
1.2 0.35 -40.79681100000025
1.2 0.36 -47.074991999996875
1.2 0.37 -51.99576699999926
1.2 0.38 -50.67231799999994
1.2 0.39 -47.09476200000391
1.2 0.4 -44.64581799999752
1.2 0.41 -43.2088170000069
1.2 0.42 -42.24192499999033
1.2 0.43 -41.447297000001235
1.2 0.44 -40.67629499999722
1.2 0.45 -39.84374500000772
1.2 0.46 -38.890740999990534
1.2 0.47 -37.772615000024246
1.2 0.48 -36.45880399997058
1.2 0.49 -34.93724400001949
1.25 0.01 -14.539676000007164
1.25 0.02 -14.61737999999713
1.25 0.03 -14.747105000001406
1.25 0.04 -14.929405000003733
1.25 0.05 -15.165490999997697
1.25 0.06 -15.457683999997448
1.25 0.07 -15.80994200000255
1.25 0.08 -16.228591000002655
1.25 0.09 -16.723149999995144
1.25 0.1 -17.307448999997128
1.25 0.11 -18.00098300000389
1.25 0.12 -18.8305929999985
1.25 0.13 -19.832383000002434
1.25 0.14 -21.053286999999692
1.25 0.15 -22.550759999999045
1.25 0.16 -24.38631700000464
1.25 0.17 -26.60380299999244
1.25 0.18 -29.177022000003358
1.25 0.19 -31.91863599999671
1.25 0.2 -34.40326500000813
1.25 0.21 -36.077222999998405
1.25 0.22 -36.65942699999635
1.25 0.23 -36.44938200000041
1.25 0.24 -56.930619999995926
1.25 0.25 -50.90071400000613
1.25 0.26 -31.726378999996523
1.25 0.27 -31.803541999995105
1.25 0.28 -32.02118600001255
1.25 0.29 -32.33544099999148
1.25 0.3 -32.74148600000079
1.25 0.31 -33.27322900000593
1.25 0.32 -34.02089799998895
1.25 0.33 -35.18371800001138
1.25 0.34 -37.15344399998855
1.25 0.35 -40.41470100001218
1.25 0.36 -44.54604699999716
1.25 0.37 -47.12257799999615
1.25 0.38 -46.67410099999692
1.25 0.39 -44.8979490000045
1.25 0.4 -43.34255799999905
1.25 0.41 -42.24255800001192
1.25 0.42 -41.42329599998062
1.25 0.43 -40.723690000010535
1.25 0.44 -40.04173099999338
1.25 0.45 -39.311980000000766
1.25 0.46 -38.4873630000104
1.25 0.47 -37.53082100000196
1.25 0.48 -36.413993999984626
1.25 0.49 -35.1197390000024
1.3 0.01 -14.384608999993278
1.3 0.02 -14.465915000005939
1.3 0.03 -14.6017229999895
1.3 0.04 -14.792721000009841
1.3 0.05 -15.040345999999314
1.3 0.06 -15.347245999999123
1.3 0.07 -15.717860999995423
1.3 0.08 -16.159153000003844
1.3 0.09 -16.68148900000311
1.3 0.1 -17.299697999995296
1.3 0.11 -18.034332000000965
1.3 0.12 -18.913006999996256
1.3 0.13 -19.97144700000673
1.3 0.14 -21.253174999991735
1.3 0.15 -22.805333000003802
1.3 0.16 -24.665445000007157
1.3 0.17 -26.830928999991073
1.3 0.18 -29.205408000007235
1.3 0.19 -31.54011999999537
1.3 0.2 -33.446578999997115
1.3 0.21 -34.578351000006414
1.3 0.22 -34.905306999997045
1.3 0.23 -34.76722599999575
1.3 0.24 -57.49841000000821
1.3 0.25 -48.18247199999344
1.3 0.26 -31.3691980000019
1.3 0.27 -31.340985000003368
1.3 0.28 -31.497476999997048
1.3 0.29 -31.791628000000365
1.3 0.3 -32.222601000002506
1.3 0.31 -32.83359599999255
1.3 0.32 -33.72380900000135
1.3 0.33 -35.0650570000077
1.3 0.34 -37.060065999989575
1.3 0.35 -39.67248500001848
1.3 0.36 -42.162410999985376
1.3 0.37 -43.41165999999671
1.3 0.38 -43.2462810000089
1.3 0.39 -42.441553999994284
1.3 0.4 -41.60988299999776
1.3 0.41 -40.91577000001184
1.3 0.42 -40.32721499999124
1.3 0.43 -39.7796800000005
1.3 0.44 -39.21946500000196
1.3 0.45 -38.605982000001724
1.3 0.46 -37.907045000000714
1.3 0.47 -37.09559199999752
1.3 0.48 -36.14913699999086
1.3 0.49 -35.05137300001217
1.35 0.01 -14.251184999993784
1.35 0.02 -14.337002000006652
1.35 0.03 -14.480410999997398
1.35 0.04 -14.682248999999821
1.35 0.05 -14.944193000001658
1.35 0.06 -15.269249000002679
1.35 0.07 -15.662364999995523
1.35 0.08 -16.13116700000644
1.35 0.09 -16.686813999990733
1.35 0.1 -17.34495600000961
1.35 0.11 -18.12671799998892
1.35 0.12 -19.05939800001171
1.35 0.13 -20.17621299999382
1.35 0.14 -21.513488000000685
1.35 0.15 -23.102252999995176
1.35 0.16 -24.949526000010923
1.35 0.17 -27.005281999993088
1.35 0.18 -29.121716000001438
1.35 0.19 -31.039366999996403
1.35 0.2 -32.46111200000287
1.35 0.21 -33.22403100000206
1.35 0.22 -33.433189999998326
1.35 0.23 -33.392173999999095
1.35 0.24 -63.03129499999848
1.35 0.25 -40.03443400000247
1.35 0.26 -31.049960000002457
1.35 0.27 -30.92981099999103
1.35 0.28 -31.049104000015475
1.35 0.29 -31.352636999986817
1.35 0.3 -31.837189999999065
1.35 0.31 -32.54317800000625
1.35 0.32 -33.54671300000331
1.35 0.33 -34.926762999987176
1.35 0.34 -36.66158200000581
1.35 0.35 -38.47175300001222
1.35 0.36 -39.852036999986815
1.35 0.37 -40.475232000005654
1.35 0.38 -40.47009799999831
1.35 0.39 -40.16893599999328
1.35 0.4 -39.796433000001095
1.35 0.41 -39.42779000001494
1.35 0.42 -39.06271199998451
1.35 0.43 -38.67886100000991
1.35 0.44 -38.25195799999289
1.35 0.45 -37.76021500000205
1.35 0.46 -37.184134000005606
1.35 0.47 -36.50586199999938
1.35 0.48 -35.70934899998261
1.35 0.49 -34.78155800001656
1.4 0.01 -14.138244000001523
1.4 0.02 -14.229471000000164
1.4 0.03 -14.381979000006575
1.4 0.04 -14.596734999994261
1.4 0.05 -14.875645999996632
1.4 0.06 -15.222056000005898
1.4 0.07 -15.641374999999632
1.4 0.08 -16.14178999999721
1.4 0.09 -16.735024000000607
1.4 0.1 -17.437074000002035
1.4 0.11 -18.268714000004884
1.4 0.12 -19.25525799999022
1.4 0.13 -20.424645000005608
1.4 0.14 -21.801918000000136
1.4 0.15 -23.397352999995835
1.4 0.16 -25.185583000002442
1.4 0.17 -27.07793200000009
1.4 0.18 -28.904095999998855
1.4 0.19 -30.43764800000119
1.4 0.2 -31.490372999992704
1.4 0.21 -32.03044100000942
1.4 0.22 -32.21163700000128
1.4 0.23 -35.50732999999233
1.4 0.24 -65.67584800000702
1.4 0.25 -31.37844199999404
1.4 0.26 -30.7718000000001
1.4 0.27 -30.578435000005893
1.4 0.28 -30.68108199999419
1.4 0.29 -31.012064000007346
1.4 0.3 -31.555292999989486
1.4 0.31 -32.3259070000059
1.4 0.32 -33.33957999999801
1.4 0.33 -34.56150500000807
1.4 0.34 -35.85080999998877
1.4 0.35 -36.97393200000913
1.4 0.36 -37.73706199999985
1.4 0.37 -38.11523799998714
1.4 0.38 -38.22143400000751
1.4 0.39 -38.18385600000692
1.4 0.4 -38.078037999991
1.4 0.41 -37.93007700001208
1.4 0.42 -37.74025999998809
1.4 0.43 -37.49953499999844
1.4 0.44 -37.196653000002264
1.4 0.45 -36.82020500001194
1.4 0.46 -36.358919999983605
1.4 0.47 -35.8016040000109
1.4 0.48 -35.137474999987866
1.4 0.49 -34.35701200000804
1.45 0.01 -14.044175000007543
1.45 0.02 -14.141684999993135
1.45 0.03 -14.304713999999644
1.45 0.04 -14.534337000000626
1.45 0.05 -14.83262300000737
1.45 0.06 -15.203181999989686
1.45 0.07 -15.651743000004833
1.45 0.08 -16.186818000001377
1.45 0.09 -16.820258999991964
1.45 0.1 -17.567654000006023
1.45 0.11 -18.448129000008286
1.45 0.12 -19.482988999985622
1.45 0.13 -20.692013000012093
1.45 0.14 -22.08571099998895
1.45 0.15 -23.651870000004838
1.45 0.16 -25.336957000003867
1.45 0.17 -27.0300089999962
1.45 0.18 -28.567715000002078
1.45 0.19 -29.781819999996557
1.45 0.2 -30.580923999999914
1.45 0.21 -31.007634000007624
1.45 0.22 -31.20923399999131
1.45 0.23 -48.74043300000226
1.45 0.24 -48.955860999998045
1.45 0.25 -31.237404000004048
1.45 0.26 -30.520339999995343
1.45 0.27 -30.27646000000483
1.45 0.28 -30.37773700000403
1.45 0.29 -30.735007999989836
1.45 0.3 -31.304366000002187
1.45 0.31 -32.056660000003816
1.45 0.32 -32.94407700000332
1.45 0.33 -33.877208999992774
1.45 0.34 -34.73561099999853
1.45 0.35 -35.41836600000695
1.45 0.36 -35.89269699999435
1.45 0.37 -36.19130300000602
1.45 0.38 -36.36964799999195
1.45 0.39 -36.4702400000105
1.45 0.4 -36.51337599999117
1.45 0.41 -36.50331200000881
1.45 0.42 -36.436512999993724
1.45 0.43 -36.3067539999928
1.45 0.44 -36.10723600001361
1.45 0.45 -35.83111399999336
1.45 0.46 -35.47140600000255
1.45 0.47 -35.02093899998896
1.45 0.48 -34.472496000016555
1.45 0.49 -33.81935299998415
1.5 0.01 -13.966919000001356
1.5 0.02 -14.07152599999684
1.5 0.03 -14.24638800000542
1.5 0.04 -14.492615000003546
1.5 0.05 -14.812345999990537
1.5 0.06 -15.20929100000665
1.5 0.07 -15.689280999993235
1.5 0.08 -16.260759999999816
1.5 0.09 -16.935096000007874
1.5 0.1 -17.726469999992595
1.5 0.11 -18.650875000005875
1.5 0.12 -19.723558999995277
1.5 0.13 -20.953855000005444
1.5 0.14 -22.336339999996003
1.5 0.15 -23.838364999998962
1.5 0.16 -25.387633000004616
1.5 0.17 -26.869735999995697
1.5 0.18 -28.150032000001808
1.5 0.19 -29.12374600000149
1.5 0.2 -29.76884599999898
1.5 0.21 -30.154939999994536
1.5 0.22 -31.622647000011266
1.5 0.23 -61.02379699998981
1.5 0.24 -32.359379000002754
1.5 0.25 -31.07599899999866
1.5 0.26 -30.269109000000654
1.5 0.27 -29.99353300000773
1.5 0.28 -30.0939119999948
1.5 0.29 -30.448925999998142
1.5 0.3 -30.979873000003238
1.5 0.31 -31.62101599999178
1.5 0.32 -32.30181100001059
1.5 0.33 -32.9501359999895
1.5 0.34 -33.51122900000722
1.5 0.35 -33.96375500000006
1.5 0.36 -34.317058000001104
1.5 0.37 -34.593672999996244
1.5 0.38 -34.81284700000306
1.5 0.39 -34.983928999992
1.5 0.4 -35.107538000005405
1.5 0.41 -35.179402000006704
1.5 0.42 -35.19347399999545
1.5 0.43 -35.143648
1.5 0.44 -35.024277999999825
1.5 0.45 -34.83012499998492
1.5 0.46 -34.556103000014076
1.5 0.47 -34.19711600001951
1.5 0.48 -33.74805199997472
1.5 0.49 -33.204052000002065
1.55 0.01 -13.904017999992748
1.55 0.02 -14.016451999996352
1.55 0.03 -14.204304000005033
1.55 0.04 -14.468604000006387
1.55 0.05 -14.81141399999336
1.55 0.06 -15.236328999996704
1.55 0.07 -15.748936999999794
1.55 0.08 -16.357125000006132
1.55 0.09 -17.07101500000064
1.55 0.1 -17.902278999999616
1.55 0.11 -18.862307999993924
1.55 0.12 -19.958659000005312
1.55 0.13 -21.189127999994266
1.55 0.14 -22.533337000006416
1.55 0.15 -23.943694999992093
1.55 0.16 -25.341035000012656
1.55 0.17 -26.623731999989403
1.55 0.18 -27.696294000002663
1.55 0.19 -28.50848499999607
1.55 0.2 -29.07652400001239
1.55 0.21 -29.461428999989504
1.55 0.22 -48.94184600000337
1.55 0.23 -40.515697999998046
1.55 0.24 -32.29205100000089
1.55 0.25 -30.85558199999558
1.55 0.26 -29.974028000010453
1.55 0.27 -29.676730999987885
1.55 0.28 -29.760158000010925
1.55 0.29 -30.069825999992933
1.55 0.3 -30.50513500000737
1.55 0.31 -30.993299999995
1.55 0.32 -31.47929899999899
1.55 0.33 -31.927382000000975
1.55 0.34 -32.32287199999459
1.55 0.35 -32.66759700001189
1.55 0.36 -32.970572999996655
1.55 0.37 -33.23963499998858
1.55 0.38 -33.47746600001142
1.55 0.39 -33.68159699999926
1.55 0.4 -33.84627899999157
1.55 0.41 -33.964467000015446
1.55 0.42 -34.029191999985265
1.55 0.43 -34.03419600001453
1.55 0.44 -33.97404499997589
1.55 0.45 -33.84396400001319
1.55 0.46 -33.639594000014455
1.55 0.47 -33.35678699998128
1.55 0.48 -32.991547000015736
1.55 0.49 -32.540119999975275
1.6 0.01 -13.852705000010348
1.6 0.02 -13.973605999986209
1.6 0.03 -14.175413000012663
1.6 0.04 -14.458944999997676
1.6 0.05 -14.825982999999763
1.6 0.06 -15.279721999989935
1.6 0.07 -15.825104000013576
1.6 0.08 -16.468872999997384
1.6 0.09 -17.219085999995226
1.6 0.1 -18.083836000002613
1.6 0.11 -19.068726999993437
1.6 0.12 -20.17276400001016
1.6 0.13 -21.38261599999856
1.6 0.14 -22.666180999993447
1.6 0.15 -23.96846700000781
1.6 0.16 -25.214925999987802
1.6 0.17 -26.327310000012588
1.6 0.18 -27.249862999995255
1.6 0.19 -27.97036100000476
1.6 0.2 -28.51387099998994
1.6 0.21 -41.31189000000538
1.6 0.22 -41.172937000002335
1.6 0.23 -33.40332199999778
1.6 0.24 -32.144239000001086
1.6 0.25 -30.51090299999612
1.6 0.26 -29.5771370000075
1.6 0.27 -29.266648999994846
1.6 0.28 -29.31708399999706
1.6 0.29 -29.555568000004545
1.6 0.3 -29.882047000002718
1.6 0.31 -30.237579999994207
1.6 0.32 -30.589249000003676
1.6 0.33 -30.92260399998989
1.6 0.34 -31.235046000013227
1.6 0.35 -31.529129999996965
1.6 0.36 -31.80732200000091
1.6 0.37 -32.0692839999914
1.6 0.38 -32.31139200000396
1.6 0.39 -32.52760500000559
1.6 0.4 -32.71064999999848
1.6 0.41 -32.85308800000359
1.6 0.42 -32.9479679999819
1.6 0.43 -32.989138000010215
1.6 0.44 -32.9712740000154
1.6 0.45 -32.889758999985446
1.6 0.46 -32.740492999998565
1.6 0.47 -32.519755000002675
1.6 0.48 -32.22409100000331
1.6 0.49 -31.85035499999597
1.65 0.01 -13.810054000007456
1.65 0.02 -13.93994699999013
1.65 0.03 -14.156473000008754
1.65 0.04 -14.460065999992729
1.65 0.05 -14.85197900000129
1.65 0.06 -15.334679000007387
1.65 0.07 -15.912003999991706
1.65 0.08 -16.588942000002103
1.65 0.09 -17.370700000007627
1.65 0.1 -18.260909999989956
1.65 0.11 -19.2586930000083
1.65 0.12 -20.35459499999142
1.65 0.13 -21.526034999999037
1.65 0.14 -22.73398500000805
1.65 0.15 -23.92399999999677
1.65 0.16 -25.035173000000842
1.65 0.17 -26.01730100000404
1.65 0.18 -26.84808899998796
1.65 0.19 -27.533474000005473
1.65 0.2 -39.99891800000484
1.65 0.21 -35.33371799999567
1.65 0.22 -32.881342999999646
1.65 0.23 -33.54779800000578
1.65 0.24 -31.794778999996936
1.65 0.25 -29.969597999999095
1.65 0.26 -29.037331999992563
1.65 0.27 -28.73542600001497
1.65 0.28 -28.75621499998899
1.65 0.29 -28.930655999999956
1.65 0.3 -29.17343900000977
1.65 0.31 -29.441954999986805
1.65 0.32 -29.71651800001138
1.65 0.33 -29.989777999990228
1.65 0.34 -30.25997200000849
1.65 0.35 -30.526545999998653
1.65 0.36 -30.787767999992937
1.65 0.37 -31.0399450000087
1.65 0.38 -31.277612999991405
1.65 0.39 -31.494147000010713
1.65 0.4 -31.682473999987664
1.65 0.41 -31.83563500000958
1.65 0.42 -31.947149999996654
1.65 0.43 -32.01121800000963
1.65 0.44 -32.02272799997627
1.65 0.45 -31.977210000011496
1.65 0.46 -31.87072200001137
1.65 0.47 -31.699741999993563
1.65 0.48 -31.461100000005054
1.65 0.49 -31.151969999978284
1.7 0.01 -13.773117000006609
1.7 0.02 -13.912420999995238
1.7 0.03 -14.144228999999322
1.7 0.04 -14.468385999997231
1.7 0.05 -14.8853480000089
1.7 0.06 -15.396487999987816
1.7 0.07 -16.004082000007465
1.7 0.08 -16.71076600000104
1.7 0.09 -17.518232999993227
1.7 0.1 -18.425093000012033
1.7 0.11 -19.42387099998836
1.7 0.12 -20.497714000002603
1.7 0.13 -21.61780600000716
1.7 0.14 -22.743627999988792
1.7 0.15 -23.828409000010087
1.7 0.16 -24.830776999991077
1.7 0.17 -25.728529000002936
1.7 0.18 -27.779993000000157
1.7 0.19 -40.52315800000975
1.7 0.2 -27.77680199998691
1.7 0.21 -30.563138000009328
1.7 0.22 -33.48113199999491
1.7 0.23 -33.517920999994
1.7 0.24 -31.10321100001056
1.7 0.25 -29.212916999998725
1.7 0.26 -28.369378999988346
1.7 0.27 -28.109527000008658
1.7 0.28 -28.12046100001104
1.7 0.29 -28.25574399998838
1.7 0.3 -28.44856099999402
1.7 0.31 -28.668314000004333
1.7 0.32 -28.90144400000227
1.7 0.33 -29.14219600000043
1.7 0.34 -29.387653999997074
1.7 0.35 -29.635177000009666
1.7 0.36 -29.8812529999944
1.7 0.37 -30.12122299999455
1.7 0.38 -30.349487000007585
1.7 0.39 -30.559862999996994
1.7 0.4 -30.745991999996363
1.7 0.41 -30.901663000003737
1.7 0.42 -31.021043999993626
1.7 0.43 -31.098807000002687
1.7 0.44 -31.130165000003956
1.7 0.45 -31.11086900000612
1.7 0.46 -31.03713399999816
1.7 0.47 -30.905597999993052
1.7 0.48 -30.713254999998767
1.7 0.49 -30.45746999999818
1.75 0.01 -13.739084999997432
1.75 0.02 -13.888121000009694
1.75 0.03 -14.135580999994326
1.75 0.04 -14.480512999996982
1.75 0.05 -14.922284000000783
1.75 0.06 -15.460803999998038
1.75 0.07 -16.096345000003005
1.75 0.08 -16.828685000005503
1.75 0.09 -17.65552999999343
1.75 0.1 -18.570253999996773
1.75 0.11 -19.55932300000466
1.75 0.12 -20.60031500000086
1.75 0.13 -21.661853000001212
1.75 0.14 -22.70731099999488
1.75 0.15 -23.70330400000609
1.75 0.16 -24.631242999992796
1.75 0.17 -34.48797000000876
1.75 0.18 -30.475219999991516
1.75 0.19 -25.89570200000495
1.75 0.2 -27.93075199999719
1.75 0.21 -31.28551700000483
1.75 0.22 -34.18959099999329
1.75 0.23 -32.993730000009755
1.75 0.24 -30.04222599999406
1.75 0.25 -28.318095999990575
1.75 0.26 -27.640268000013155
1.75 0.27 -27.44699799999137
1.75 0.28 -27.466536000012784
1.75 0.29 -27.584526999989517
1.75 0.3 -27.75136400000375
1.75 0.31 -27.94473699999853
1.75 0.32 -28.154287999999525
1.75 0.33 -28.374691999992738
1.75 0.34 -28.602342000008083
1.75 0.35 -28.833745000010104
1.75 0.36 -29.06492099998805
1.75 0.37 -29.291228999994498
1.75 0.38 -29.50751900001156
1.75 0.39 -29.708315999989996
1.75 0.4 -29.888067000012317
1.75 0.41 -30.041340999998994
1.75 0.42 -30.162963999978984
1.75 0.43 -30.248134000014886
1.75 0.44 -30.292455000004786
1.75 0.45 -30.291949999998707
1.75 0.46 -30.243039999984205
1.75 0.47 -30.142522000023106
1.75 0.48 -29.98753799999354
1.75 0.49 -29.77558099999553
1.8 0.01 -13.705420000000858
1.8 0.02 -13.864412999993196
1.8 0.03 -14.12773600000248
1.8 0.04 -14.49340999999827
1.8 0.05 -14.959414000008717
1.8 0.06 -15.523860999992909
1.8 0.07 -16.184616999996955
1.8 0.08 -16.93821299999959
1.8 0.09 -17.77812100001142
1.8 0.1 -18.692656999990326
1.8 0.11 -19.66329700000106
1.8 0.12 -20.664437000003915
1.8 0.13 -21.666070999994893
1.8 0.14 -22.640396000000585
1.8 0.15 -26.816983000008015
1.8 0.16 -35.19174899999192
1.8 0.17 -23.71593899999618
1.8 0.18 -24.559124000011078
1.8 0.19 -25.904243999992293
1.8 0.2 -28.396684000001635
1.8 0.21 -32.44934900000442
1.8 0.22 -34.55689399999061
1.8 0.23 -31.776583000013108
1.8 0.24 -28.77934899998846
1.8 0.25 -27.41080700000775
1.8 0.26 -26.92173299998932
1.8 0.27 -26.798336000011222
1.8 0.28 -26.834253999993482
1.8 0.29 -26.94667900000706
1.8 0.3 -27.09995399999163
1.8 0.31 -27.277636000002634
1.8 0.32 -27.471463999999443
1.8 0.33 -27.67653300000281
1.8 0.34 -27.889084999994626
1.8 0.35 -28.105501000008946
1.8 0.36 -28.321873999996658
1.8 0.37 -28.53395499999853
1.8 0.38 -28.73716199999856
1.8 0.39 -28.92675100000905
1.8 0.4 -29.097912999977968
1.8 0.41 -29.245921000017436
1.8 0.42 -29.36623699999586
1.8 0.43 -29.454568000009093
1.8 0.44 -29.506927999989127
1.8 0.45 -29.519647999993712
1.8 0.46 -29.48939400001291
1.8 0.47 -29.4131379999985
1.8 0.48 -29.28817200000162
1.8 0.49 -29.112107999988954
1.85 0.01 -13.669944999996632
1.85 0.02 -13.839046000008185
1.85 0.03 -14.118312999995533
1.85 0.04 -14.504502000001203
1.85 0.05 -14.993932999996016
1.85 0.06 -15.582606000004038
1.85 0.07 -16.2656619999969
1.85 0.08 -17.036135000001504
1.85 0.09 -17.88323400000436
1.85 0.1 -18.790767999990116
1.85 0.11 -19.736690000007364
1.85 0.12 -20.69497399999925
1.85 0.13 -21.64091700000086
1.85 0.14 -34.82955800000089
1.85 0.15 -24.33083999999681
1.85 0.16 -22.97186399999871
1.85 0.17 -23.588488000002396
1.85 0.18 -24.494407999994404
1.85 0.19 -26.098135000012167
1.85 0.2 -29.323782999989298
1.85 0.21 -33.840051999999304
1.85 0.22 -33.9837010000109
1.85 0.23 -30.0665729999953
1.85 0.24 -27.554682999991417
1.85 0.25 -26.581056000010037
1.85 0.26 -26.255009999998055
1.85 0.27 -26.18970899999515
1.85 0.28 -26.241359000008988
1.85 0.29 -26.3523229999905
1.85 0.3 -26.49719600000819
1.85 0.31 -26.663677999989563
1.85 0.32 -26.845041000012035
1.85 0.33 -27.03686799998539
1.85 0.34 -27.235561000011874
1.85 0.35 -27.437652000004448
1.85 0.36 -27.63955199998482
1.85 0.37 -27.837453000012477
1.85 0.38 -28.027353999986257
1.85 0.39 -28.20514500001534
1.85 0.4 -28.36667499998666
1.85 0.41 -28.50783300001873
1.85 0.42 -28.6246449999918
1.85 0.43 -28.713297999995977
1.85 0.44 -28.77020299999697
1.85 0.45 -28.792021999990222
1.85 0.46 -28.77566000002216
1.85 0.47 -28.718307999990913
1.85 0.48 -28.617403999995414
1.85 0.49 -28.47068700001285
1.9 0.01 -13.630902000008051
1.9 0.02 -13.81020999999372
1.9 0.03 -14.105397000001554
1.9 0.04 -14.511743999996447
1.9 0.05 -15.02365400000377
1.9 0.06 -15.634750000001905
1.9 0.07 -16.33721399999299
1.9 0.08 -17.120456000006055
1.9 0.09 -17.969628999993997
1.9 0.1 -18.864866000010345
1.9 0.11 -19.782405999988523
1.9 0.12 -29.1287940000015
1.9 0.13 -25.879098000007804
1.9 0.14 -21.957883999999677
1.9 0.15 -22.372409999994854
1.9 0.16 -22.85063099999538
1.9 0.17 -23.493956000005632
1.9 0.18 -24.53087800000102
1.9 0.19 -26.59120699999733
1.9 0.2 -30.81521300000502
1.9 0.21 -34.76496300000134
1.9 0.22 -32.29614199999441
1.9 0.23 -28.325790999998244
1.9 0.24 -26.507460000003366
1.9 0.25 -25.85696299999707
1.9 0.26 -25.650969000006164
1.9 0.27 -25.62794099999264
1.9 0.28 -25.691324000009065
1.9 0.29 -25.801283999996492
1.9 0.3 -25.939494999995794
1.9 0.31 -26.096536999995454
1.9 0.32 -26.266842000008925
1.9 0.33 -26.446461999993673
1.9 0.34 -26.63207600000381
1.9 0.35 -26.820489000010408
1.9 0.36 -27.008463999984375
1.9 0.37 -27.19263000000358
1.9 0.38 -27.36950300000964
1.9 0.39 -27.535509999978533
1.9 0.4 -27.687063000030296
1.9 0.41 -27.820581999980984
1.9 0.42 -27.932578999999745
1.9 0.43 -28.019683000000104
1.9 0.44 -28.078675999996225
1.9 0.45 -28.10653500000979
1.9 0.46 -28.10042600000153
1.9 0.47 -28.05774399999392
1.9 0.48 -27.976105000011817
1.9 0.49 -27.85336799998814
1.95 0.01 -13.5869739999972
1.95 0.02 -13.776536999996484
1.95 0.03 -14.087561000000173
1.95 0.04 -14.513631000001588
1.95 0.05 -15.047014000000344
1.95 0.06 -15.678747000000712
1.95 0.07 -16.3978979999958
1.95 0.08 -17.190257999999456
1.95 0.09 -18.037318000007968
1.95 0.1 -26.777016999988334
1.95 0.11 -22.761822000010355
1.95 0.12 -21.007085999995283
1.95 0.13 -21.457782000000527
1.95 0.14 -21.85611399999912
1.95 0.15 -22.259448000009737
1.95 0.16 -22.746137999991568
1.95 0.17 -23.454280000000203
1.95 0.18 -24.732356000000276
1.95 0.19 -27.542910999995772
1.95 0.2 -32.65701300000258
1.95 0.21 -34.36860900000729
1.95 0.22 -30.048358999987695
1.95 0.23 -26.8699590000058
1.95 0.24 -25.65361200000138
1.95 0.25 -25.229246000000206
1.95 0.26 -25.104788999996664
1.95 0.27 -25.110391000007205
1.95 0.28 -25.181274999995896
1.95 0.29 -25.289487999998645
1.95 0.3 -25.42146899999762
1.95 0.31 -25.569798000004674
1.95 0.32 -25.729776999998656
1.95 0.33 -25.897890999999507
1.95 0.34 -26.071115999997094
1.95 0.35 -26.246556000013697
1.95 0.36 -26.421311999977856
1.95 0.37 -26.592411000017055
1.95 0.38 -26.75680499999442
1.95 0.39 -26.91138499999448
1.95 0.4 -27.053027000007976
1.95 0.41 -27.178608000012236
1.95 0.42 -27.28506499998153
1.95 0.43 -27.369410000002123
1.95 0.44 -27.42877299999333
1.95 0.45 -27.460419000018252
1.95 0.46 -27.461779999988575
1.95 0.47 -27.430445999996195
1.95 0.48 -27.364216000010064
1.95 0.49 -27.261078999991614
2.0 0.01 -13.537257000013627
2.0 0.02 -13.737103999984516
2.0 0.03 -14.063837000008997
2.0 0.04 -14.509162000004856
2.0 0.05 -15.063022999992667
2.0 0.06 -15.713720999999012
2.0 0.07 -21.372167000004563
2.0 0.08 -19.376841999996266
2.0 0.09 -19.055780000005523
2.0 0.1 -19.777241999987744
2.0 0.11 -20.40995000001548
2.0 0.12 -20.936077999990914
2.0 0.13 -21.36915500000385
2.0 0.14 -21.752886999993475
2.0 0.15 -22.154042000010318
2.0 0.16 -22.671262999986986
2.0 0.17 -23.50337600001233
2.0 0.18 -25.19989699999574
2.0 0.19 -29.077863999997717
2.0 0.2 -34.05250900000324
2.0 0.21 -32.52007599999442
2.0 0.22 -27.961068000008524
2.0 0.23 -25.74928799998913
2.0 0.24 -24.954210000006306
2.0 0.25 -24.67793400000138
2.0 0.26 -24.607184000000505
2.0 0.27 -24.631471999994027
2.0 0.28 -24.70649300000527
2.0 0.29 -24.812072000003333
2.0 0.3 -24.93787399998826
2.0 0.31 -25.077880000008413
2.0 0.32 -25.228063000000112
2.0 0.33 -25.385287999997153
2.0 0.34 -25.546815000003665
2.0 0.35 -25.710042000004606
2.0 0.36 -25.87236699997939
2.0 0.37 -26.0311720000139
2.0 0.38 -26.18377500001043
2.0 0.39 -26.32746399997978
2.0 0.4 -26.4595000000156
2.0 0.41 -26.57714900000305
2.0 0.42 -26.67771699998246
2.0 0.43 -26.75854800001429
2.0 0.44 -26.81708999999086
2.0 0.45 -26.85087799999761
2.0 0.46 -26.857575000001052
2.0 0.47 -26.834988000021323
2.0 0.48 -26.781075999971346
2.0 0.49 -26.693970000017917
2.05 0.01 -13.896876000005777
2.05 0.02 -14.191351999990335
2.05 0.03 -14.648492000013372
2.05 0.04 -15.231236999992966
2.05 0.05 -15.90568499999284
2.05 0.06 -16.645212000012542
2.05 0.07 -17.427335999995602
2.05 0.08 -18.226397999994184
2.05 0.09 -19.007629000009413
2.05 0.1 -19.728646999990424
2.05 0.11 -20.35169600000945
2.05 0.12 -20.861676999990024
2.05 0.13 -21.27782500000557
2.05 0.14 -21.651973000001572
2.05 0.15 -22.06401799999575
2.05 0.16 -22.64451000000276
2.05 0.17 -23.694276000006777
2.05 0.18 -26.071940999984488
2.05 0.19 -31.02782700000965
2.05 0.2 -34.02672000000108
2.05 0.21 -30.020667999995933
2.05 0.22 -26.345062000005967
2.05 0.23 -24.889490999992294
2.05 0.24 -24.365452000008837
2.05 0.25 -24.184767999990676
2.05 0.26 -24.149303000004952
2.05 0.27 -24.185551999993372
2.05 0.28 -24.262308000014855
2.05 0.29 -24.364562999986752
2.05 0.3 -24.484185000002046
2.05 0.31 -24.616186999999435
2.05 0.32 -24.757058000011135
2.05 0.33 -24.90400199999241
2.05 0.34 -25.054537999995464
2.05 0.35 -25.206323000000037
2.05 0.36 -25.357040000009135
2.05 0.37 -25.504356999999068
2.05 0.38 -25.645915999987757
2.05 0.39 -25.77933000001307
2.05 0.4 -25.9021949999825
2.05 0.41 -26.01210600002266
2.05 0.42 -26.106675999985406
2.05 0.43 -26.183560000010406
2.05 0.44 -26.240463999993555
2.05 0.45 -26.275185999988768
2.05 0.46 -26.285602000015704
2.05 0.47 -26.26971400000405
2.05 0.48 -26.225645999986977
2.05 0.49 -26.15166500000041
2.1 0.01 -13.731200999993478
2.1 0.02 -14.035013000013311
2.1 0.03 -14.506547999992828
2.1 0.04 -15.107299999996833
2.1 0.05 -15.801695000003999
2.1 0.06 -16.561310999998334
2.1 0.07 -17.361584999999874
2.1 0.08 -18.174344000003764
2.1 0.09 -18.96203699999411
2.1 0.1 -19.680216000006673
2.1 0.11 -20.291435999997315
2.1 0.12 -20.784518000000745
2.1 0.13 -21.185982000000372
2.1 0.14 -21.558161999993413
2.1 0.15 -21.999896000010462
2.1 0.16 -22.693239999993487
2.1 0.17 -24.10702099999811
2.1 0.18 -27.462179000003072
2.1 0.19 -32.675535000006235
2.1 0.2 -32.403075999988275
2.1 0.21 -27.737872000005446
2.1 0.22 -25.162018999997816
2.1 0.23 -24.20675300000812
2.1 0.24 -23.854329999995795
2.1 0.25 -23.736092999992998
2.1 0.26 -23.724068000001598
2.1 0.27 -23.767830000007685
2.1 0.28 -23.844698000002907
2.1 0.29 -23.943164999990007
2.1 0.3 -24.05667200000561
2.1 0.31 -24.180985999988614
2.1 0.32 -24.313034000016366
2.1 0.33 -24.450298999987275
2.1 0.34 -24.590549000009677
2.1 0.35 -24.73166300000165
2.1 0.36 -24.871577999987583
2.1 0.37 -25.008208999999205
2.1 0.38 -25.139476000006745
2.1 0.39 -25.263265999999597
2.1 0.4 -25.37745899999757
2.1 0.41 -25.479927000008097
2.1 0.42 -25.568556999994506
2.1 0.43 -25.641262000011245
2.1 0.44 -25.695993999974554
2.1 0.45 -25.73076800002736
2.1 0.46 -25.743670999975855
2.1 0.47 -25.73287500003024
2.1 0.48 -25.696667999970813
2.1 0.49 -25.633445000003952
2.15 0.01 -13.572249000013416
2.15 0.02 -13.88558399999518
2.15 0.03 -14.371662999996795
2.15 0.04 -14.990359000002236
2.15 0.05 -15.704354999996948
2.15 0.06 -16.48339000000818
2.15 0.07 -17.300787999996597
2.15 0.08 -18.125808999993644
2.15 0.09 -18.918085000007917
2.15 0.1 -19.631339999994985
2.15 0.11 -20.229182000006713
2.15 0.12 -20.70567799998784
2.15 0.13 -21.09645700000933
2.15 0.14 -21.477597999997737
2.15 0.15 -21.976253999999425
2.15 0.16 -22.858128000002843
2.15 0.17 -24.847379999998022
2.15 0.18 -29.26708100000301
2.15 0.19 -33.08918399999243
2.15 0.2 -29.97696600000601
2.15 0.21 -25.99714200000381
2.15 0.22 -24.28106599999136
2.15 0.23 -23.6408720000028
2.15 0.24 -23.39882400000135
2.15 0.25 -23.322329999997372
2.15 0.26 -23.326111999999345
2.15 0.27 -23.374442000010355
2.15 0.28 -23.450347999988153
2.15 0.29 -23.544760000003894
2.15 0.3 -23.652272000003084
2.15 0.31 -23.7692460000005
2.15 0.32 -23.892952999986484
2.15 0.33 -24.021142000005803
2.15 0.34 -24.151785000015003
2.15 0.35 -24.282979999985457
2.15 0.36 -24.412864000011925
2.15 0.37 -24.539584999985188
2.15 0.38 -24.661289000000842
2.15 0.39 -24.776102000014767
2.15 0.4 -24.882142999995672
2.15 0.41 -24.977525999987883
2.15 0.42 -25.060371000011312
2.15 0.43 -25.128815999995147
2.15 0.44 -25.18103199999897
2.15 0.45 -25.215225000003706
2.15 0.46 -25.229671999991133
2.15 0.47 -25.222712000025222
2.15 0.48 -25.192772999969804
2.15 0.49 -25.1383780000223
2.2 0.01 -13.419297000005772
2.2 0.02 -13.742321999998811
2.2 0.03 -14.243046999995437
2.2 0.04 -14.879591000003252
2.2 0.05 -15.612799999997815
2.2 0.06 -16.410552999994586
2.2 0.07 -17.244067000010826
2.2 0.08 -18.07996999999343
2.2 0.09 -18.875121999996974
2.2 0.1 -19.58170700000948
2.2 0.11 -20.16529199999621
2.2 0.12 -20.626668999996483
2.2 0.13 -21.012821999999368
2.2 0.14 -21.4183420000065
2.2 0.15 -22.01369099999728
2.2 0.16 -23.19763099999144
2.2 0.17 -26.006486000015144
2.2 0.18 -30.956929999986933
2.2 0.19 -31.966431000007773
2.2 0.2 -27.649486999995496
2.2 0.21 -24.738432000005474
2.2 0.22 -23.594698999991227
2.2 0.23 -23.15375000001256
2.2 0.24 -22.98468599999246
2.2 0.25 -22.93681699999437
2.2 0.26 -22.951388000009732
2.2 0.27 -23.00231899999614
2.2 0.28 -23.076549999995223
2.2 0.29 -23.166786000011825
2.2 0.3 -23.26847699999133
2.2 0.31 -23.378462999996575
2.2 0.32 -23.49431900000807
2.2 0.33 -23.614008999999193
2.2 0.34 -23.73570399999634
2.2 0.35 -23.857683000003526
2.2 0.36 -23.97827400000734
2.2 0.37 -24.095812999984624
2.2 0.38 -24.20865000001269
2.2 0.39 -24.31510799999257
2.2 0.4 -24.413521999999666
2.2 0.41 -24.502202000005703
2.2 0.42 -24.579478999994755
2.2 0.43 -24.643683000000728
2.2 0.44 -24.693173999992247
2.2 0.45 -24.726341000000907
2.2 0.46 -24.74161800000372
2.2 0.47 -24.737501000024345
2.2 0.48 -24.712549999973078
2.2 0.49 -24.665411000004212
2.25 0.01 -13.27170299999736
2.25 0.02 -13.604560000004543
2.25 0.03 -14.120001999993173
2.25 0.04 -14.774259000001074
2.25 0.05 -15.526265000005477
2.25 0.06 -16.342046999992952
2.25 0.07 -17.19069300000889
2.25 0.08 -18.03621699999706
2.25 0.09 -18.83271899999684
2.25 0.1 -19.531270999993062
2.25 0.11 -20.100422000011203
2.25 0.12 -20.549456999993936
2.25 0.13 -20.93960400000754
2.25 0.14 -21.391157999995496
2.25 0.15 -22.14143699999771
2.25 0.16 -23.786714999998118
2.25 0.17 -27.540775000006565
2.25 0.18 -31.756203999994277
2.25 0.19 -29.88452400000334
2.25 0.2 -25.816094000000756
2.25 0.21 -23.812948000000446
2.25 0.22 -23.033647999994745
2.25 0.23 -22.72192999999727
2.25 0.24 -22.602607000007136
2.25 0.25 -22.574824000010075
2.25 0.26 -22.596809999981794
2.25 0.27 -22.64899200000048
2.25 0.28 -22.721093000018723
2.25 0.29 -22.807118999989147
2.25 0.3 -22.903200000001767
2.25 0.31 -23.006559999991683
2.25 0.32 -23.115035999996515
2.25 0.33 -23.22678300002321
2.25 0.34 -23.340149999970784
2.25 0.35 -23.453580000016693
2.25 0.36 -23.565559000000725
2.25 0.37 -23.674603000003437
2.25 0.38 -23.779220999990947
2.25 0.39 -23.877921000003944
2.25 0.4 -23.969210999990032
2.25 0.41 -24.051584000024896
2.25 0.42 -24.123540999982332
2.25 0.43 -24.183588999999706
2.25 0.44 -24.230252000005926
2.25 0.45 -24.262075999992284
2.25 0.46 -24.277646000001575
2.25 0.47 -24.2755929999974
2.25 0.48 -24.254602000007687
2.25 0.49 -24.21342799999946
2.3 0.01 -13.12889599999423
2.3 0.02 -13.471703999998756
2.3 0.03 -14.001910000001041
2.3 0.04 -14.67371200000401
2.3 0.05 -15.444096999992537
2.3 0.06 -16.27722600000314
2.3 0.07 -17.14010600000659
2.3 0.08 -17.994095999993633
2.3 0.09 -18.790649999997694
2.3 0.1 -19.48019700000379
2.3 0.11 -20.035523999997235
2.3 0.12 -20.476523999999046
2.3 0.13 -20.882589000006327
2.3 0.14 -21.410670999993524
2.3 0.15 -22.39973200000844
2.3 0.16 -24.694629999988326
2.3 0.17 -29.121212000006
2.3 0.18 -31.24625300000698
2.3 0.19 -27.666134999986202
2.3 0.2 -24.46899900001689
2.3 0.21 -23.101984999981394
2.3 0.22 -22.555996000015345
2.3 0.23 -22.330769999997766
2.3 0.24 -22.2463139999882
2.3 0.25 -22.232898999998675
2.3 0.26 -22.25996200001743
2.3 0.27 -22.312457999991043
2.3 0.28 -22.382133000003957
2.3 0.29 -22.463986999984456
2.3 0.3 -22.554685000013542
2.3 0.31 -22.651780000000233
2.3 0.32 -22.75332700000019
2.3 0.33 -22.857659999999647
2.3 0.34 -22.963280999999093
2.3 0.35 -23.068778999992574
2.3 0.36 -23.172785000009878
2.3 0.37 -23.27396200000107
2.3 0.38 -23.370970999998498
2.3 0.39 -23.462469999984116
2.3 0.4 -23.547121000024852
2.3 0.41 -23.62357199997811
2.3 0.42 -23.69047900001544
2.3 0.43 -23.746499000001343
2.3 0.44 -23.790299999983922
2.3 0.45 -23.820571000001657
2.3 0.46 -23.83602800001936
2.3 0.47 -23.835427999993296
2.3 0.48 -23.817563999995862
2.3 0.49 -23.78130099998541
2.35 0.01 -12.990371999990204
2.35 0.02 -13.34323900000101
2.35 0.03 -13.888223000009228
2.35 0.04 -14.57738999999237
2.35 0.05 -15.365727000000758
2.35 0.06 -16.215570999999926
2.35 0.07 -17.091861999993903
2.35 0.08 -17.953320000012653
2.35 0.09 -18.74884299999358
2.35 0.1 -19.4288450000004
2.35 0.11 -19.97184599999539
2.35 0.12 -20.410974000002184
2.35 0.13 -20.84928300000393
2.35 0.14 -21.49675300000167
2.35 0.15 -22.839314999991032
2.35 0.16 -25.91980800000997
2.35 0.17 -30.178986999987835
2.35 0.18 -29.696549000010215
2.35 0.19 -25.790631000006602
2.35 0.2 -23.477288999985714
2.35 0.21 -22.52927500000612
2.35 0.22 -22.136355000004105
2.35 0.23 -21.97083499998835
2.35 0.24 -21.911423000008128
2.35 0.25 -21.908425999992414
2.35 0.26 -21.93891100001009
2.35 0.27 -21.991057999990353
2.35 0.28 -22.058122000018155
2.35 0.29 -22.135884999979908
2.35 0.3 -22.221441000009868
2.35 0.31 -22.312616999986524
2.35 0.32 -22.407668000017257
2.35 0.33 -22.505083999995158
2.35 0.34 -22.60350000000242
2.35 0.35 -22.70163699999081
2.35 0.36 -22.79826200000137
2.35 0.37 -22.89215600001169
2.35 0.38 -22.98211499999423
2.35 0.39 -23.066932999995494
2.35 0.4 -23.14540300000443
2.35 0.41 -23.21630799999619
2.35 0.42 -23.278440999993787
2.35 0.43 -23.330584000014177
2.35 0.44 -23.371543999992618
2.35 0.45 -23.400124999994866
2.35 0.46 -23.415170000014008
2.35 0.47 -23.41553799999698
2.35 0.48 -23.400136999990174
2.35 0.49 -23.36791300001193
2.4 0.01 -12.855696999993784
2.4 0.02 -13.21870499999989
2.4 0.03 -13.77846700000516
2.4 0.04 -14.484806999996998
2.4 0.05 -15.290681999999874
2.4 0.06 -16.156656999992578
2.4 0.07 -17.045646000006904
2.4 0.08 -17.913718000004465
2.4 0.09 -18.70736299999876
2.4 0.1 -19.377754999992042
2.4 0.11 -19.910964000011727
2.4 0.12 -20.356696999987705
2.4 0.13 -20.849506000004617
2.4 0.14 -21.675864000006566
2.4 0.15 -23.511069999990085
2.4 0.16 -27.293318000012267
2.4 0.17 -30.2575799999803
2.4 0.18 -27.745597000023036
2.4 0.19 -24.3540459999813
2.4 0.2 -22.722060000007783
2.4 0.21 -22.04839400000824
2.4 0.22 -21.75894399998766
2.4 0.23 -21.6358039999966
2.4 0.24 -21.594744000007253
2.4 0.25 -21.599367000000296
2.4 0.26 -21.632071000006174
2.4 0.27 -21.683391999989148
2.4 0.28 -21.747747000005884
2.4 0.29 -21.821521999993113
2.4 0.3 -21.902176000008193
2.4 0.31 -21.987773000002857
2.4 0.32 -22.07673799999188
2.4 0.33 -22.167695000003796
2.4 0.34 -22.25941299998977
2.4 0.35 -22.350721000016996
2.4 0.36 -22.440501999994368
2.4 0.37 -22.527650999997185
2.4 0.38 -22.611080999990186
2.4 0.39 -22.68970100001153
2.4 0.4 -22.762416000006148
2.4 0.41 -22.82813799999539
2.4 0.42 -22.88576499999337
2.4 0.43 -22.93420599999132
2.4 0.44 -22.972375000023227
2.4 0.45 -22.999191999986103
2.4 0.46 -23.01360000000583
2.4 0.47 -23.014562000002243
2.4 0.48 -23.00107899999462
2.4 0.49 -22.972185999989826
2.45 0.01 -12.724484999999676
2.45 0.02 -13.097712999989856
2.45 0.03 -13.672237000008616
2.45 0.04 -14.395540999991859
2.45 0.05 -15.218568000019458
2.45 0.06 -16.1001549999894
2.45 0.07 -17.00123999999203
2.45 0.08 -17.875227000008266
2.45 0.09 -18.666391999992765
2.45 0.1 -19.32764100001115
2.45 0.11 -19.85483000000347
2.45 0.12 -20.318609999989405
2.45 0.13 -20.89614199999084
2.45 0.14 -21.98110600002037
2.45 0.15 -24.435078999988537
2.45 0.16 -28.452915999999036
2.45 0.17 -29.343264000002257
2.45 0.18 -25.909423999993674
2.45 0.19 -23.27843400001577
2.45 0.2 -22.121954999986283
2.45 0.21 -21.631016000006603
2.45 0.22 -21.41358899999444
2.45 0.23 -21.32127000001333
2.45 0.24 -21.29386899998174
2.45 0.25 -21.304083000011058
2.45 0.26 -21.33811500000247
2.45 0.27 -21.388271999995716
2.45 0.28 -21.44986699999725
2.45 0.29 -21.51978000000244
2.45 0.3 -21.595773000004908
2.45 0.31 -21.676111999990848
2.45 0.32 -21.759373000005304
2.45 0.33 -21.84430699999849
2.45 0.34 -21.929790000001486
2.45 0.35 -22.01476000000168
2.45 0.36 -22.09819299998681
2.45 0.37 -22.179095000023242
2.45 0.38 -22.256470999977275
2.45 0.39 -22.329337000019912
2.45 0.4 -22.396702999980512
2.45 0.41 -22.457576000012637
2.45 0.42 -22.5109689999978
2.45 0.43 -22.55588500000607
2.45 0.44 -22.59134099999114
2.45 0.45 -22.6163570000004
2.45 0.46 -22.629968999989792
2.45 0.47 -22.631233000028956
2.45 0.48 -22.61922999996615
2.45 0.49 -22.593077000028195
2.5 0.01 -12.596415999990286
2.5 0.02 -12.979920999995901
2.5 0.03 -13.569178000025753
2.5 0.04 -14.309243999974804
2.5 0.05 -15.14905900000589
2.5 0.06 -16.045820000005648
2.5 0.07 -16.958515000009662
2.5 0.08 -17.837868999972585
2.5 0.09 -18.62621200002557
2.5 0.1 -19.279399999980946
2.5 0.11 -19.805861000019615
2.5 0.12 -20.30295699999101
2.5 0.13 -21.00586699999239
2.5 0.14 -22.448293000004263
2.5 0.15 -25.546874999999197
2.5 0.16 -28.99671500001581
2.5 0.17 -27.817824999979255
2.5 0.18 -24.402951000012262
2.5 0.19 -22.459469999986872
2.5 0.2 -21.625573000020307
2.5 0.21 -21.25940599997271
2.5 0.22 -21.09348600003001
2.5 0.23 -21.024032999986847
2.5 0.24 -21.006926999989943
2.5 0.25 -21.02122100000157
2.5 0.26 -21.055916000012314
2.5 0.27 -21.10466899999606
2.5 0.28 -21.16349299999907
2.5 0.29 -21.22967999999804
2.5 0.3 -21.301247000007333
2.5 0.31 -21.376634999992188
2.5 0.32 -21.454551000008486
2.5 0.33 -21.533863999980678
2.5 0.34 -21.613544000018674
2.5 0.35 -21.692623999993376
2.5 0.36 -21.770170000006566
2.5 0.37 -21.845277999989925
2.5 0.38 -21.91704000001236
2.5 0.39 -21.984563999986033
2.5 0.4 -22.04695099999652
2.5 0.41 -22.103301000027265
2.5 0.42 -22.15271299996761
2.5 0.43 -22.194286000019027
2.5 0.44 -22.227123000000205
2.5 0.45 -22.250335999984806
2.5 0.46 -22.26303900000557
2.5 0.47 -22.264376000015243
2.5 0.48 -22.2534999999924
2.5 0.49 -22.229601999992333
2.55 0.01 -12.471204000004123
2.55 0.02 -12.865042999994362
2.55 0.03 -13.46898999999622
2.55 0.04 -14.225619000018959
2.55 0.05 -15.08189899999128
2.55 0.06 -15.993472999990985
2.55 0.07 -16.91741300000171
2.55 0.08 -17.801740000003065
2.55 0.09 -18.587198000012744
2.55 0.1 -19.23413699998398
2.55 0.11 -19.767049000005738
2.55 0.12 -20.317692000002268
2.55 0.13 -21.199452999987027
2.55 0.14 -23.103283000019495
2.55 0.15 -26.65469199998261
2.55 0.16 -28.728417000003432
2.55 0.17 -26.143482000017087
2.55 0.18 -23.23300799998667
2.55 0.19 -21.815128000000055
2.55 0.2 -21.200795999992632
2.55 0.21 -20.922106000006476
2.55 0.22 -20.793893000003987
2.55 0.23 -20.741699000003283
2.55 0.24 -20.732408999995826
2.55 0.25 -20.749648999984753
2.55 0.26 -20.784507000026746
2.55 0.27 -20.831679999986346
2.55 0.28 -20.887756999992906
2.55 0.29 -20.95036000001525
2.55 0.3 -21.017728999979095
2.55 0.31 -21.088452000022055
2.55 0.32 -21.16136399997968
2.55 0.33 -21.23542700001469
2.55 0.34 -21.309704999996608
2.55 0.35 -21.383306999997586
2.55 0.36 -21.45539000000303
2.55 0.37 -21.52511700000293
2.55 0.38 -21.591674000003263
2.55 0.39 -21.654233999992538
2.55 0.4 -21.71198899999281
2.55 0.41 -21.764115000011568
2.55 0.42 -21.809791999998144
2.55 0.43 -21.848203000001103
2.55 0.44 -21.878526999987518
2.55 0.45 -21.899952000019578
2.55 0.46 -21.911675999977103
2.55 0.47 -21.912907000031115
2.55 0.48 -21.902874999971882
2.55 0.49 -21.880827000018126
2.6 0.01 -12.348613999986215
2.6 0.02 -12.752832000000328
2.6 0.03 -13.371419000005583
2.6 0.04 -14.144421999997554
2.6 0.05 -15.016882999994193
2.6 0.06 -15.943002000007198
2.6 0.07 -16.877936000003864
2.6 0.08 -17.766991000005618
2.6 0.09 -18.549815999975078
2.6 0.1 -19.19320800002587
2.6 0.11 -19.742109999985082
2.6 0.12 -20.3728630000019
2.6 0.13 -21.50068400000647
2.6 0.14 -23.93666699999806
2.6 0.15 -27.47384599999166
2.6 0.16 -27.76357100000124
2.6 0.17 -24.623054000000135
2.6 0.18 -22.330821999999742
2.6 0.19 -21.289629000005288
2.6 0.2 -20.82724600001134
2.6 0.21 -20.611441999988138
2.6 0.22 -20.511399999989504
2.6 0.23 -20.47240700001524
2.6 0.24 -20.469083999986353
2.6 0.25 -20.488400000022704
2.6 0.26 -20.523039999975605
2.6 0.27 -20.568518000008122
2.6 0.28 -20.621887000003785
2.6 0.29 -20.68105500000837
2.6 0.3 -20.744440999980167
2.6 0.31 -20.810776000015334
2.6 0.32 -20.878996999993387
2.6 0.33 -20.94815899999592
2.6 0.34 -21.01739900000508
2.6 0.35 -21.08590900001107
2.6 0.36 -21.152912999987077
2.6 0.37 -21.21764800000035
2.6 0.38 -21.27936499999084
2.6 0.39 -21.337316000007416
2.6 0.4 -21.390758000006098
2.6 0.41 -21.438942000000676
2.6 0.42 -21.481118999999637
2.6 0.43 -21.51654100000398
2.6 0.44 -21.54446299998723
2.6 0.45 -21.564138999998566
2.6 0.46 -21.57483500001332
2.6 0.47 -21.575826999994263
2.6 0.48 -21.56640600000335
2.6 0.49 -21.545881999980292
2.65 0.01 -12.228440999972891
2.65 0.02 -12.643077000014106
2.65 0.03 -13.276256000001021
2.65 0.04 -14.065449000000292
2.65 0.05 -14.953861000002219
2.65 0.06 -15.894340999995535
2.65 0.07 -16.84013899998515
2.65 0.08 -17.733821000014473
2.65 0.09 -18.51463100001261
2.65 0.1 -19.158265999976926
2.65 0.11 -19.73566300002009
2.65 0.12 -20.480919999989737
2.65 0.13 -21.932072999994983
2.65 0.14 -24.87208499999902
2.65 0.15 -27.75436500002045
2.65 0.16 -26.414285999969398
2.65 0.17 -23.366091000022003
2.65 0.18 -21.622751999998016
2.65 0.19 -20.846621999996966
2.65 0.2 -20.49165899999144
2.65 0.21 -20.322092000010265
2.65 0.22 -20.243468000007407
2.65 0.23 -20.214683999989663
2.65 0.24 -20.215913999999984
2.65 0.25 -20.236643999993458
2.65 0.26 -20.270771000010495
2.65 0.27 -20.31448100000331
2.65 0.28 -20.365201999993037
2.65 0.29 -20.42107599999153
2.65 0.3 -20.480691000006583
2.65 0.31 -20.54289800000218
2.65 0.32 -20.606721000007138
2.65 0.33 -20.671300999985824
2.65 0.34 -20.735847000015166
2.65 0.35 -20.79961599998415
2.65 0.36 -20.861896000013385
2.65 0.37 -20.921991999998095
2.65 0.38 -20.979211999989538
2.65 0.39 -21.03287700000676
2.65 0.4 -21.082303999992984
2.65 0.41 -21.12680600002042
2.65 0.42 -21.165703999979
2.65 0.43 -21.198311000016883
2.65 0.44 -21.223940999988127
2.65 0.45 -21.241917000000914
2.65 0.46 -21.251563999999927
2.65 0.47 -21.25221300000578
2.65 0.48 -21.243217999996826
2.65 0.49 -21.223939000005725
2.7 0.01 -12.110518000003625
2.7 0.02 -12.53560399998577
2.7 0.03 -13.183320000003087
2.7 0.04 -13.988540000013934
2.7 0.05 -14.892721999988408
2.7 0.06 -15.847470999989952
2.7 0.07 -16.804109000006058
2.7 0.08 -17.702475000014374
2.7 0.09 -18.482321999986123
2.7 0.1 -19.131327000003957
2.7 0.11 -19.75344599999932
2.7 0.12 -20.656591000011986
2.7 0.13 -22.505117999980207
2.7 0.14 -25.753640000001997
2.7 0.15 -27.41250300001426
2.7 0.16 -24.99319500000039
2.7 0.17 -22.36531099997756
2.7 0.18 -21.051439000013985
2.7 0.19 -20.46246800000871
2.7 0.2 -20.185133999995777
2.7 0.21 -20.05025399998925
2.7 0.22 -19.988154000003515
2.7 0.23 -19.96732400000431
2.7 0.24 -19.972031000000516
2.7 0.25 -19.993646999996155
2.7 0.26 -20.027046000006248
2.7 0.27 -20.06894599999141
2.7 0.28 -20.11708100001586
2.7 0.29 -20.16981399998539
2.7 0.3 -20.225856000006797
2.7 0.31 -20.284177000000607
2.7 0.32 -20.34387599998409
2.7 0.33 -20.404174000017132
2.7 0.34 -20.46433899998579
2.7 0.35 -20.523693000015804
2.7 0.36 -20.581578000001315
2.7 0.37 -20.637355999983935
2.7 0.38 -20.690398000002723
2.7 0.39 -20.74007400000964
2.7 0.4 -20.785756999988063
2.7 0.41 -20.82682900001574
2.7 0.42 -20.8626519999867
2.7 0.43 -20.89260600001806
2.7 0.44 -20.916059999986896
2.7 0.45 -20.93239199998818
2.7 0.46 -20.94098300002381
2.7 0.47 -20.941215999977654
2.7 0.48 -20.932497000009302
2.7 0.49 -20.91423500001353
2.75 0.01 -11.99470100001321
2.75 0.02 -12.430264999991895
2.75 0.03 -13.092461999999452
2.75 0.04 -13.913567000010126
2.75 0.05 -14.833390999999848
2.75 0.06 -15.80241099999202
2.75 0.07 -16.76996600000546
2.75 0.08 -17.67323599999321
2.75 0.09 -18.453699999998246
2.75 0.1 -19.11486200000943
2.75 0.11 -19.802492999989635
2.75 0.12 -20.915826000002795
2.75 0.13 -23.204372000016328
2.75 0.14 -26.381984999979768
2.75 0.15 -26.559008000005953
2.75 0.16 -23.697081999998183
2.75 0.17 -21.5717210000053
2.75 0.18 -20.576624000002866
2.75 0.19 -20.121568999993382
2.75 0.2 -19.901522999995375
2.75 0.21 -19.793125000012818
2.75 0.22 -19.74392699999326
2.75 0.23 -19.729341999995622
2.75 0.24 -19.73667200001346
2.75 0.25 -19.758772999978174
2.75 0.26 -19.791281000021126
2.75 0.27 -19.83134799997897
2.75 0.28 -19.87698000002716
2.75 0.29 -19.926707999979158
2.75 0.3 -19.979375000005444
2.75 0.31 -20.034031999998074
2.75 0.32 -20.089869999999603
2.75 0.33 -20.14615900000292
2.75 0.34 -20.202234000006207
2.75 0.35 -20.257472999997724
2.75 0.36 -20.31126499999985
2.75 0.37 -20.363026999987692
2.75 0.38 -20.412177000004288
2.75 0.39 -20.458138000005626
2.75 0.4 -20.500338999998018
2.75 0.41 -20.538200000008704
2.75 0.42 -20.57114899999056
2.75 0.43 -20.598605000010632
2.75 0.44 -20.61999599998641
2.75 0.45 -20.634746999998992
2.75 0.46 -20.642285000000786
2.75 0.47 -20.642052000022478
2.75 0.48 -20.633487999978488
2.75 0.49 -20.616053999997757
2.8 0.01 -11.880868999991636
2.8 0.02 -12.32693800000462
2.8 0.03 -13.003560999997868
2.8 0.04 -13.840428999998274
2.8 0.05 -14.775825999997535
2.8 0.06 -15.759202000005132
2.8 0.07 -16.737857999995605
2.8 0.08 -17.646428000013316
2.8 0.09 -18.429739999987543
2.8 0.1 -19.11189199999462
2.8 0.11 -19.891250000014832
2.8 0.12 -21.272864999985757
2.8 0.13 -23.97056000001283
2.8 0.14 -26.59338499999173
2.8 0.15 -25.415524000002424
2.8 0.16 -22.600792999991604
2.8 0.17 -20.933539000012974
2.8 0.18 -20.170983999995443
2.8 0.19 -19.813402000004015
2.8 0.2 -19.636451000001227
2.8 0.21 -19.548583999994342
2.8 0.22 -19.509567000000043
2.8 0.23 -19.499894000000264
2.8 0.24 -19.50918800000297
2.8 0.25 -19.531454999981417
2.8 0.26 -19.562948000029206
2.8 0.27 -19.60118699997791
2.8 0.28 -19.644396000003255
2.8 0.29 -19.69126200002043
2.8 0.3 -19.74073099997751
2.8 0.31 -19.791946000005094
2.8 0.32 -19.84415500000834
2.8 0.33 -19.896693999985597
2.8 0.34 -19.948953000010654
2.8 0.35 -20.00034800000377
2.8 0.36 -20.05032799999265
2.8 0.37 -20.098347999990533
2.8 0.38 -20.14387500000934
2.8 0.39 -20.186377000008697
2.8 0.4 -20.225327999998637
2.8 0.41 -20.26019299999236
2.8 0.42 -20.290448
2.8 0.43 -20.315558000003602
2.8 0.44 -20.33499499999534
2.8 0.45 -20.34822900000675
2.8 0.46 -20.35473499999439
2.8 0.47 -20.35399400000922
2.8 0.48 -20.345492999988384
2.8 0.49 -20.328728999992034
2.85 0.01 -11.768924000001848
2.85 0.02 -12.225517000015177
2.85 0.03 -12.916519999990314
2.85 0.04 -13.76904600000728
2.85 0.05 -14.720010999980145
2.85 0.06 -15.717918000017647
2.85 0.07 -16.707942000007243
2.85 0.08 -17.622425999981374
2.85 0.09 -18.411613999997694
2.85 0.1 -19.126090000014734
2.85 0.11 -20.02945699999263
2.85 0.12 -21.7344710000053
2.85 0.13 -24.696064000000394
2.85 0.14 -26.33155999999983
2.85 0.15 -24.200830999986778
2.85 0.16 -21.70366500001462
2.85 0.17 -20.408885999999388
2.85 0.18 -19.81603399998993
2.85 0.19 -19.530693000007187
2.85 0.2 -19.386725999997918
2.85 0.21 -19.314987000010966
2.85 0.22 -19.284067999976156
2.85 0.23 -19.27827100001286
2.85 0.24 -19.289005000010366
2.85 0.25 -19.311183999981534
2.85 0.26 -19.341582000009776
2.85 0.27 -19.37800400000354
2.85 0.28 -19.41887899999564
2.85 0.29 -19.463017000000264
2.85 0.3 -19.509465000009367
2.85 0.31 -19.557433999981537
2.85 0.32 -19.606240000005197
2.85 0.33 -19.655270000011864
2.85 0.34 -19.703957999990234
2.85 0.35 -19.751769000006373
2.85 0.36 -19.798192999985336
2.85 0.37 -19.842724000014282
2.85 0.38 -19.884874999984685
2.85 0.39 -19.92415500001952
2.85 0.4 -19.96006999998901
2.85 0.41 -19.992140000000163
2.85 0.42 -20.01987300001247
2.85 0.43 -20.042775999975486
2.85 0.44 -20.060366000027567
2.85 0.45 -20.07215199997246
2.85 0.46 -20.077648000018637
2.85 0.47 -20.076377000007376
2.85 0.48 -20.067860999985303
2.85 0.49 -20.05164199999852
2.9 0.01 -11.658781000001285
2.9 0.02 -12.125921999999182
2.9 0.03 -12.831251000005025
2.9 0.04 -13.699367999997493
2.9 0.05 -14.665947000001053
2.9 0.06 -15.678642000000906
2.9 0.07 -16.68040200000231
2.9 0.08 -17.601656999986005
2.9 0.09 -18.400738000021516
2.9 0.1 -19.161878999973887
2.9 0.11 -20.22754300002209
2.9 0.12 -22.29119499999015
2.9 0.13 -25.24585599999789
2.9 0.14 -25.66306500000406
2.9 0.15 -23.06248399999977
2.9 0.16 -20.974336999994783
2.9 0.17 -19.967013000013793
2.9 0.18 -19.499139999989072
2.9 0.19 -19.268283000002366
2.9 0.2 -19.149959000000944
2.9 0.21 -19.09102999999032
2.9 0.22 -19.06660200001296
2.9 0.23 -19.06385800000029
2.9 0.24 -19.075612999993545
2.9 0.25 -19.097513999994824
2.9 0.26 -19.126752000015994
2.9 0.27 -19.161387999986328
2.9 0.28 -19.200017000005758
2.9 0.29 -19.241559000008834
2.9 0.3 -19.285146999976526
2.9 0.31 -19.330065000016088
2.9 0.32 -19.375675000006236
2.9 0.33 -19.42141599998946
2.9 0.34 -19.46676499999354
2.9 0.35 -19.511229000016964
2.9 0.36 -19.554332999987682
2.9 0.37 -19.59561299999633
2.9 0.38 -19.634616000008247
2.9 0.39 -19.67088400000703
2.9 0.4 -19.70397499999155
2.9 0.41 -19.733427999999336
2.9 0.42 -19.758798999993846
2.9 0.43 -19.779632000016516
2.9 0.44 -19.795475999977423
2.9 0.45 -19.805882000021295
2.9 0.46 -19.81039799998639
2.9 0.47 -19.808583000018935
2.9 0.48 -19.799996999973306
2.9 0.49 -19.7842080000221
2.95 0.01 -11.550373999984489
2.95 0.02 -12.028078000021484
2.95 0.03 -12.747693999983753
2.95 0.04 -13.631351000018556
2.95 0.05 -14.613657999991188
2.95 0.06 -15.64147899998136
2.95 0.07 -16.655425000031805
2.95 0.08 -17.584617999979514
2.95 0.09 -18.398818000004763
2.95 0.1 -19.224495000003323
2.95 0.11 -20.49514299999448
2.95 0.12 -22.908076999996464
2.95 0.13 -25.500870000012487
2.95 0.14 -24.73302099998589
2.95 0.15 -22.06822100001493
2.95 0.16 -20.37623199997889
2.95 0.17 -20.37623199997889
2.95 0.18 -20.37623199997889
2.95 0.19 -19.924316000018433
2.95 0.2 -18.924316000018433
2.95 0.21 -18.87566599998788
2.95 0.22 -18.856463999998834
2.95 0.23 -18.85612100000719
2.95 0.24 -18.86856299998623
2.95 0.25 -18.890034000005222
2.95 0.26 -18.918076999998572
2.95 0.27 -18.950965000019675
2.95 0.28 -18.987431999984477
2.95 0.29 -19.02650599999669
2.95 0.3 -19.067396000007513
2.95 0.31 -19.10943399998642
2.95 0.32 -19.152045000012645
2.95 0.33 -19.02650599999669
2.95 0.34 -19.02650599999669
2.95 0.35 -19.924316000018433
2.95 0.36 -19.318268000013354
2.95 0.37 -19.356514000001805
2.95 0.38 -19.39257799998371
2.95 0.39 -19.426041000016863
2.95 0.4 -19.456488999995862
2.95 0.41 -19.48349899999691
2.95 0.42 -19.506657000003717
2.95 0.43 -19.525545999989884
2.95 0.44 -19.53974400001
2.95 0.45 -19.548835999998442
2.95 0.46 -19.552406999991927
2.95 0.47 -19.550043000014398
2.95 0.48 -19.541339999977207
2.95 0.49 -19.525896000018843
3.0 0.01 -11.4436419999997
3.0 0.02 -11.9319249999883
3.0 0.03 -12.665795000010846
3.0 0.04 -13.56497499999776
3.0 0.05 -14.563179999989059
3.0 0.06 -15.606535000003305
3.0 0.07 -16.633219000006356
3.0 0.08 -17.571891000010055
3.0 0.09 -18.40790899997536
3.0 0.1 -19.3199430000137
3.0 0.11 -20.838344000004877
3.0 0.12 -23.520483999987785
3.0 0.13 -25.40123700001111
3.0 0.14 -23.699174999994433
3.0 0.15 -21.230038000012325
3.0 0.16 -19.877613999987826
3.0 0.17 -19.250950999990295
3.0 0.18 -18.946932000022603
3.0 0.19 -18.790372999983855
3.0 0.2 -18.70836700000312
3.0 0.21 -18.668034000003466
3.0 0.22 -18.653057999991045
3.0 0.23 -18.65459000001243
3.0 0.24 -18.667451999990696
3.0 0.25 -18.688380000000286
3.0 0.26 -18.715205999999522
3.0 0.27 -18.74638600000365
3.0 0.28 -18.780785000010507
3.0 0.29 -18.817513999988567
3.0 0.3 -18.85584900000115
3.0 0.31 -18.89517799998684
3.0 0.32 -18.934971000028593
3.0 0.33 -18.974739999979544
3.0 0.34 -19.014040999998354
3.0 0.35 -19.052451000018156
3.0 0.36 -19.089556999990158
3.0 0.37 -19.124968999992813
3.0 0.38 -19.15828999999645
3.0 0.39 -19.18913200000814
3.0 0.4 -19.217111999996188
3.0 0.41 -19.241839000021237
3.0 0.42 -19.26292399998113
3.0 0.43 -19.279987999993846
3.0 0.44 -19.29263300000981
3.0 0.45 -19.30047900000174
3.0 0.46 -19.303138999990903
3.0 0.47 -19.300230000021568
3.0 0.48 -19.291375999972065
3.0 0.49 -19.276200000017756
3.05 0.01 -11.338538999989824
3.05 0.02 -11.83741800000249
3.05 0.03 -12.58551000001161
3.05 0.04 -13.500223999987073
3.05 0.05 -14.514561999998717
3.05 0.06 -15.573930000005618
3.05 0.07 -16.61400499999754
3.05 0.08 -17.564162000010043
3.05 0.09 -18.430456999993577
3.05 0.1 -19.454788999997625
3.05 0.11 -21.255442000001107
3.05 0.12 -24.041594999992522
3.05 0.13 -24.964406000016414
3.05 0.14 -22.6838489999899
3.05 0.15 -20.53214299999983
3.05 0.16 -19.453817000005753
3.05 0.17 -18.950668999996083
3.05 0.18 -18.700884999986105
3.05 0.19 -18.569987000027748
3.05 0.2 -18.50097299998506
3.05 0.21 -18.467416999995557
3.05 0.22 -18.455864999999942
3.05 0.23 -18.458854000017535
3.05 0.24 -18.471919999977153
3.05 0.25 -18.49221800000567
3.05 0.26 -18.51781800001005
3.05 0.27 -18.54734100000142
3.05 0.28 -18.579760999986643
3.05 0.29 -18.61425900001103
3.05 0.3 -18.650180999983927
3.05 0.31 -18.686958000024738
3.05 0.32 -18.724102999989594
3.05 0.33 -18.76116099998269
3.05 0.34 -18.797723000023563
3.05 0.35 -18.833393999994374
3.05 0.36 -18.867794999991254
3.05 0.37 -18.90055600000549
3.05 0.38 -18.931314999992548
3.05 0.39 -18.959710000014933
3.05 0.4 -18.985382999989735
3.05 0.41 -19.007970999997674
3.05 0.42 -19.027120000010544
3.05 0.43 -19.042466999987777
3.05 0.44 -19.053651000007203
3.05 0.45 -19.060315000007915
3.05 0.46 -19.062103999996065
3.05 0.47 -19.05865399999973
3.05 0.48 -19.049623999988956
3.05 0.49 -19.034657999998732
3.1 0.01 -11.235023000004675
3.1 0.02 -11.744514999989523
3.1 0.03 -12.506806000018841
3.1 0.04 -13.437097999986493
3.1 0.05 -14.467858000006869
3.1 0.06 -15.543785999980628
3.1 0.07 -16.59802500002538
3.1 0.08 -17.56224199999329
3.1 0.09 -18.469352999996662
3.1 0.1 -19.635599000000962
3.1 0.11 -21.73188499998706
3.1 0.12 -24.38264700002051
3.1 0.13 -24.27045899999307
3.1 0.14 -21.758053000003468
3.1 0.15 -19.94984999999549
3.1 0.16 -19.086534999992406
3.1 0.17 -18.677579000013534
3.1 0.18 -18.470047999982402
3.1 0.19 -18.35965400001525
3.1 0.2 -18.301209999994477
3.1 0.21 -18.273213000003075
3.1 0.22 -18.26444000000647
3.1 0.23 -18.268539999991642
3.1 0.24 -18.281641999989766
3.1 0.25 -18.301244000013988
3.1 0.26 -18.32562400000624
3.1 0.27 -18.353541999989158
3.1 0.28 -18.38406599999514
3.1 0.29 -18.416450000004488
3.1 0.3 -18.450090000001733
3.1 0.31 -18.484463000003508
3.1 0.32 -18.519116999993184
3.1 0.33 -18.553634000006962
3.1 0.34 -18.58762699999515
3.1 0.35 -18.620735000002494
3.1 0.36 -18.65260400000322
3.1 0.37 -18.682887999990054
3.1 0.38 -18.711253000009958
3.1 0.39 -18.737357999984976
3.1 0.4 -18.760875000012316
3.1 0.41 -18.781465000014723
3.1 0.42 -18.798795999966167
3.1 0.43 -18.812534000023344
3.1 0.44 -18.82234099999989
3.1 0.45 -18.8278899999794
3.1 0.46 -18.828840000022478
3.1 0.47 -18.82486600000055
3.1 0.48 -18.815637999991157
3.1 0.49 -18.80083599999674
3.15 0.01 -11.133060000005914
3.15 0.02 -11.65318099998203
3.15 0.03 -12.429658000012708
3.15 0.04 -13.375600000014034
3.15 0.05 -14.423132999983364
3.15 0.06 -15.516232999992383
3.15 0.07 -16.585538000004725
3.15 0.08 -17.56709800000428
3.15 0.09 -18.527937000012233
3.15 0.1 -19.867902999983936
3.15 0.11 -22.23629800001352
3.15 0.12 -24.4784849999921
3.15 0.13 -23.427448999981884
3.15 0.14 -20.949203000029808
3.15 0.15 -19.458935999984597
3.15 0.16 -18.762418999997916
3.15 0.17 -18.426095000006793
3.15 0.18 -18.25192200000017
3.15 0.19 -18.15809200000012
3.15 0.2 -18.108321999986536
3.15 0.21 -18.08490300001865
3.15 0.22 -18.078389999995874
3.15 0.23 -18.083321999996596
3.15 0.24 -18.09632400000421
3.15 0.25 -18.115181999984724
3.15 0.26 -18.138354000018957
3.15 0.27 -18.164723999980463
3.15 0.28 -18.193436000014067
3.15 0.29 -18.22381299999964
3.15 0.3 -18.255296999996045
3.15 0.31 -18.28740400000573
3.15 0.32 -18.31971799999719
3.15 0.33 -18.35184599999094
3.15 0.34 -18.38343400001106
3.15 0.35 -18.4141399999973
3.15 0.36 -18.443637999997247
3.15 0.37 -18.471606000005618
3.15 0.38 -18.497731000000055
3.15 0.39 -18.52169699999349
3.15 0.4 -18.543194999995887
3.15 0.41 -18.561916000021288
3.15 0.42 -18.577544999974013
3.15 0.43 -18.58977000001259
3.15 0.44 -18.598286000006663
3.15 0.45 -18.602773999987203
3.15 0.46 -18.60293000000011
3.15 0.47 -18.598444000024458
3.15 0.48 -18.589006999980366
3.15 0.49 -18.57432599999596
3.2 0.01 -11.032622000008987
3.2 0.02 -11.563385999995294
3.2 0.03 -12.354045000009236
3.2 0.04 -13.315743999982034
3.2 0.05 -14.380455000022648
3.2 0.06 -15.491396999980253
3.2 0.07 -16.576840000013355
3.2 0.08 -17.579876999995804
3.2 0.09 -18.609961999995566
3.2 0.1 -20.15450800000114
3.2 0.11 -22.72049500000155
3.2 0.12 -24.30636499999721
3.2 0.13 -22.537138000000503
3.2 0.14 -20.257273000013434
3.2 0.15 -19.03902799998684
3.2 0.16 -18.471748999999644
3.2 0.17 -18.192106000008746
3.2 0.18 -18.044591999987453
3.2 0.19 -17.96427800000438
3.2 0.2 -17.921675999997685
3.2 0.21 -17.902049000006084
3.2 0.22 -17.897364000010125
3.2 0.23 -17.902902999990058
3.2 0.24 -17.91569799999831
3.2 0.25 -17.933780999985757
3.2 0.26 -17.95576400001043
3.2 0.27 -17.980640000008194
3.2 0.28 -18.007625000005483
3.2 0.29 -18.03609699999331
3.2 0.3 -18.065543999981042
3.2 0.31 -18.09551700002732
3.2 0.32 -18.12562599997845
3.2 0.33 -18.155513000017702
3.2 0.34 -18.184843999993188
3.2 0.35 -18.21329999998866
3.2 0.36 -18.240578000018175
3.2 0.37 -18.26637899998918
3.2 0.38 -18.290406000005515
3.2 0.39 -18.31237099999326
3.2 0.4 -18.33198299999948
3.2 0.41 -18.348951000021945
3.2 0.42 -18.362984999967043
3.2 0.43 -18.373795000012887
3.2 0.44 -18.381089000012434
3.2 0.45 -18.384582999981784
3.2 0.46 -18.383979000020627
3.2 0.47 -18.37899599998609
3.2 0.48 -18.36934699999551
3.2 0.49 -18.354751000018137
3.25 0.01 -10.933682999993978
3.25 0.02 -11.475106000027328
3.25 0.03 -12.279949999971493
3.25 0.04 -13.25754800001633
3.25 0.05 -14.339895999988569
3.25 0.06 -15.469409000008369
3.25 0.07 -16.572266000007936
3.25 0.08 -17.60192699999058
3.25 0.09 -18.719464999996465
3.25 0.1 -20.49317099999133
3.25 0.11 -23.12569300002569
3.25 0.12 -23.88955099997119
3.25 0.13 -21.674536000020275
3.25 0.14 -19.66913000000468
3.25 0.15 -18.674104999991037
3.25 0.16 -18.207420999996
3.25 0.17 -17.97253299999556
3.25 0.18 -17.846565000016163
3.25 0.19 -17.777380999976995
3.25 0.2 -17.740741000019508
3.25 0.21 -17.724262000004153
3.25 0.22 -17.72105599998846
3.25 0.23 -17.72701800000339
3.25 0.24 -17.739519999987404
3.25 0.25 -17.75680700001557
3.25 0.26 -17.77762799999739
3.25 0.27 -17.801066000000517
3.25 0.28 -17.82640200000348
3.25 0.29 -17.853070999984226
3.25 0.3 -17.880590000007842
3.25 0.31 -17.908552000012165
3.25 0.32 -17.936587999986994
3.25 0.33 -17.964369999994275
3.25 0.34 -17.991582000007597
3.25 0.35 -18.01792800000612
3.25 0.36 -18.043127000005725
3.25 0.37 -18.066895999986237
3.25 0.38 -18.088964000000356
3.25 0.39 -18.109054999992917
3.25 0.4 -18.12689800001264
3.25 0.41 -18.14222800000607
3.25 0.42 -18.154764999987446
3.25 0.43 -18.164246999994198
3.25 0.44 -18.170398000023606
3.25 0.45 -18.172944999985656
3.25 0.46 -18.171625000000784
3.25 0.47 -18.166162999997667
3.25 0.48 -18.156297000006898
3.25 0.49 -18.14176199998128
3.3 0.01 -10.836219999994514
3.3 0.02 -11.388319000005257
3.3 0.03 -12.207364999987632
3.3 0.04 -13.201029000011745
3.3 0.05 -14.30152999999383
3.3 0.06 -15.45040699999933
3.3 0.07 -16.57219500000206
3.3 0.08 -17.6348219999945
3.3 0.09 -18.860490000012025
3.3 0.1 -20.874028999991094
3.3 0.11 -23.394240000005382
3.3 0.12 -23.285792000002626
3.3 0.13 -20.883210999986783
3.3 0.14 -19.167637000006614
3.3 0.15 -18.35197800001901
3.3 0.16 -17.964171999977847
3.3 0.17 -17.76503800000472
3.3 0.18 -17.656662999988832
3.3 0.19 -17.59671400002099
3.3 0.2 -17.565064999996846
3.3 0.21 -17.551203999984942
3.3 0.22 -17.549193000014835
3.3 0.23 -17.5554219999808
3.3 0.24 -17.567567000024095
3.3 0.25 -17.58404699998549
3.3 0.26 -17.603737999998156
3.3 0.27 -17.62579000001095
3.3 0.28 -17.649559999990924
3.3 0.29 -17.67451500000749
3.3 0.3 -17.700214999987182
3.3 0.31 -17.7262790000121
3.3 0.32 -17.752367000003385
3.3 0.33 -17.778166999988784
3.3 0.34 -17.803389999997407
3.3 0.35 -17.82776100001006
3.3 0.36 -17.851008000008214
3.3 0.37 -17.87287699997354
3.3 0.38 -17.89310500001305
3.3 0.39 -17.911443000002677
3.3 0.4 -17.927633000009976
3.3 0.41 -17.94142399998265
3.3 0.42 -17.952563000008222
3.3 0.43 -17.960796000000453
3.3 0.44 -17.96586999999404
3.3 0.45 -17.967530000007045
3.3 0.46 -17.965527000001188
3.3 0.47 -17.959607999995782
3.3 0.48 -17.949524000004743
3.3 0.49 -17.93502699998227
3.35 0.01 -10.740211999991091
3.35 0.02 -11.303008000016494
3.35 0.03 -12.136276999985526
3.35 0.04 -13.146215000006125
3.35 0.05 -14.26543299999143
3.35 0.06 -15.434526000017598
3.35 0.07 -16.577065999978764
3.35 0.08 -17.68038300001612
3.35 0.09 -19.036581999998052
3.35 0.1 -21.277620999988937
3.35 0.11 -23.483030000015546
3.35 0.12 -22.567903999987916
3.35 0.13 -20.180837999994576
3.35 0.14 -18.736267000019673
3.35 0.15 -18.06346299998588
3.35 0.16 -17.73807400001098
3.35 0.17 -17.567811999993122
3.35 0.18 -17.47393599998673
3.35 0.19 -17.421711000018487
3.35 0.2 -17.394255000003763
3.35 0.21 -17.38257999997733
3.35 0.22 -17.38152200001502
3.35 0.23 -17.38789899999319
3.35 0.24 -17.39963400002041
3.35 0.25 -17.41530699996828
3.35 0.26 -17.43389400003171
3.35 0.27 -17.45462399997065
3.35 0.28 -17.476898000022242
3.35 0.29 -17.50023099999342
3.35 0.3 -17.52420999999059
3.35 0.31 -17.54848500000959
3.35 0.32 -17.572738000008922
3.35 0.33 -17.596677999982532
3.35 0.34 -17.620031999996385
3.35 0.35 -17.642547000015345
3.35 0.36 -17.66396700000444
3.35 0.37 -17.684051999982117
3.35 0.38 -17.702560000003484
3.35 0.39 -17.719254000017045
3.35 0.4 -17.733893999984915
3.35 0.41 -17.74624699999848
3.35 0.42 -17.75607300000423
3.35 0.43 -17.763134000006072
3.35 0.44 -17.767196999987064
3.35 0.45 -17.768021000019715
3.35 0.46 -17.765372999978254
3.35 0.47 -17.759014000007493
3.35 0.48 -17.74871499999867
3.35 0.49 -17.73424300001379
3.4 0.01 -10.645645999982635
3.4 0.02 -11.219149000023524
3.4 0.03 -12.066683999982772
3.4 0.04 -13.093131000001536
3.4 0.05 -14.231682000005504
3.4 0.06 -15.42190900000395
3.4 0.07 -16.587393999980655
3.4 0.08 -17.740652000029
3.4 0.09 -19.25002999998407
3.4 0.1 -21.674722000000383
3.4 0.11 -23.373417999987865
3.4 0.12 -21.805381000010442
3.4 0.13 -19.568203000002153
3.4 0.14 -18.36085800000891
3.4 0.15 -17.801666999996336
3.4 0.16 -17.526144999990773
3.4 0.17 -17.379439000003437
3.4 0.18 -17.297615999999646
3.4 0.19 -17.251888000000488
3.4 0.2 -17.22797299999453
3.4 0.21 -17.218125000012684
3.4 0.22 -17.21782299998858
3.4 0.23 -17.224244000005918
3.4 0.24 -17.235533999996317
3.4 0.25 -17.250405000002175
3.4 0.26 -17.26791999999476
3.4 0.27 -17.287383000006326
3.4 0.28 -17.308235000011315
3.4 0.29 -17.330028999979678
3.4 0.3 -17.352383000002177
3.4 0.31 -17.374972000006025
3.4 0.32 -17.397496000004406
3.4 0.33 -17.41968499999301
3.4 0.34 -17.44128700000401
3.4 0.35 -17.46205600000285
3.4 0.36 -17.481763999992403
3.4 0.37 -17.50017600000929
3.4 0.38 -17.51707299998618
3.4 0.39 -17.532226000014347
3.4 0.4 -17.545413999986422
3.4 0.41 -17.556418000012627
3.4 0.42 -17.56501199998767
3.4 0.43 -17.570978000005496
3.4 0.44 -17.57408800001404
3.4 0.45 -17.57412699998183
3.4 0.46 -17.57086599999623
3.4 0.47 -17.564092000008717
3.4 0.48 -17.55358100000047
3.4 0.49 -17.53911899999848
3.45 0.01 -10.552500000002853
3.45 0.02 -11.136734000007923
3.45 0.03 -11.998575999996305
3.45 0.04 -13.041805999982616
3.45 0.05 -14.200355000024741
3.45 0.06 -15.412707999988726
3.45 0.07 -16.603771000003427
3.45 0.08 -17.817864999987222
3.45 0.09 -19.50082500002262
3.45 0.1 -22.028882999976144
3.45 0.11 -23.074140000023434
3.45 0.12 -21.052641999989845
3.45 0.13 -19.037266999983853
3.45 0.14 -18.029954000021213
3.45 0.15 -17.561387999992995
3.45 0.16 -17.326099999994668
3.45 0.17 -17.198791000013436
3.45 0.18 -17.127064999992466
3.45 0.19 -17.08683800000442
3.45 0.2 -17.06592299998014
3.45 0.21 -17.0576020000181
3.45 0.22 -17.05789100000737
3.45 0.23 -17.064276999986284
3.45 0.24 -17.0750940000086
3.45 0.25 -17.08916699998396
3.45 0.26 -17.10565300001575
3.45 0.27 -17.123898999997675
3.45 0.28 -17.14339899999738
3.45 0.29 -17.163734999987216
3.45 0.3 -17.1845550000249
3.45 0.31 -17.20555099998576
3.45 0.32 -17.22644799999172
3.45 0.33 -17.24699100002159
3.45 0.34 -17.266941999984894
3.45 0.35 -17.286078000008402
3.45 0.36 -17.304175999989265
3.45 0.37 -17.321020000000672
3.45 0.38 -17.336404000012248
3.45 0.39 -17.350113999992075
3.45 0.4 -17.361941999993732
3.45 0.41 -17.37168000002177
3.45 0.42 -17.379122999972633
3.45 0.43 -17.384056000029332
3.45 0.44 -17.386275999982
3.45 0.45 -17.385571999994895
3.45 0.46 -17.38173699999733
3.45 0.47 -17.374565000012414
3.45 0.48 -17.36385000000505
3.45 0.49 -17.349387999985296
3.5 0.01 -10.460759999979532
3.5 0.02 -11.055745000021492
3.5 0.03 -11.931951999990517
3.5 0.04 -12.992270000005137
3.5 0.05 -14.171526999984293
3.5 0.06 -15.407081000020536
3.5 0.07 -16.62688999998006
3.5 0.08 -17.91436900001392
3.5 0.09 -19.785406999996784
3.5 0.1 -22.3017169999908
3.5 0.11 -22.616809000020098
3.5 0.12 -20.345118999980087
3.5 0.13 -18.57664200000995
3.5 0.14 -17.734546000003956
3.5 0.15 -17.33867499998646
3.5 0.16 -17.136156000017152
3.5 0.17 -17.024961999983724
3.5 0.18 -16.9617530000102
3.5 0.19 -16.926208000000983
3.5 0.2 -16.907845999992496
3.5 0.21 -16.900797000011444
3.5 0.22 -16.901541999985156
3.5 0.23 -16.907829000009077
3.5 0.24 -16.918150999990484
3.5 0.25 -16.931443000007803
3.5 0.26 -16.946930000010227
3.5 0.27 -16.96401899998524
3.5 0.28 -16.982230000002637
3.5 0.29 -17.001187000002716
3.5 0.3 -17.020555000009082
3.5 0.31 -17.040048999987775
3.5 0.32 -17.05941299999124
3.5 0.33 -17.078408000017372
3.5 0.34 -17.096808999994536
3.5 0.35 -17.114406999997367
3.5 0.36 -17.130993999995322
3.5 0.37 -17.14637000000961
3.5 0.38 -17.16033299999252
3.5 0.39 -17.172689000002247
3.5 0.4 -17.183244000005246
3.5 0.41 -17.19179700000629
3.5 0.42 -17.198154999991726
3.5 0.43 -17.202123999986426
3.5 0.44 -17.203505000011873
3.5 0.45 -17.202106000002612
3.5 0.46 -17.197727999995735
3.5 0.47 -17.190180000015236
3.5 0.48 -17.179265999973644
3.5 0.49 -17.16479900002453
3.55 0.01 -10.370409000017846
3.55 0.02 -10.976165999991853
3.55 0.03 -11.866810000000768
3.55 0.04 -12.944556000000775
3.55 0.05 -14.145271999996863
3.55 0.06 -15.405206000007507
3.55 0.07 -16.65754499999404
3.55 0.08 -18.03245699999684
3.55 0.09 -20.09550700000398
3.55 0.1 -22.45962700001787
3.55 0.11 -22.04662599996969
3.55 0.12 -19.701044000015315
3.55 0.13 -18.174664000003542
3.55 0.14 -17.467649000000915
3.55 0.15 -17.130493999992147
3.55 0.16 -16.95490999999548
3.55 0.17 -16.857212000012897
3.55 0.18 -16.801235999980587
3.55 0.19 -16.769691000018113
3.55 0.2 -16.753505999994353
3.55 0.21 -16.747523999995003
3.55 0.22 -16.748607000014445
3.55 0.23 -16.754741999990216
3.55 0.24 -16.764556000000738
3.55 0.25 -16.77708599999049
3.55 0.26 -16.791613000020064
3.55 0.27 -16.807589999974123
3.55 0.28 -16.82458200003277
3.55 0.29 -16.84222899997775
3.55 0.3 -16.860225999995023
3.55 0.31 -16.878304000016428
3.55 0.32 -16.89622299998915
3.55 0.33 -16.913759000001146
3.55 0.34 -16.93070500000003
3.55 0.35 -16.946856000007482
3.55 0.36 -16.96202799999494
3.55 0.37 -16.9760200000013
3.55 0.38 -16.98865399999859
3.55 0.39 -16.999742999992304
3.55 0.4 -17.009097000020276
3.55 0.41 -17.016541999982845
3.55 0.42 -17.02188500000882
3.55 0.43 -17.024946999999443
3.55 0.44 -17.02554399999555
3.55 0.45 -17.02348800000298
3.55 0.46 -17.018600999989516
3.55 0.47 -17.010696000015002
3.55 0.48 -16.999593999993387
3.55 0.49 -16.985113999989906
3.6 0.01 -10.281436000010304
3.6 0.02 -10.89798500000683
3.6 0.03 -11.803146999991284
3.6 0.04 -12.898693000007457
3.6 0.05 -14.121669999998018
3.6 0.06 -15.407270999982966
3.6 0.07 -16.696643000013818
3.6 0.08 -18.174127000012476
3.6 0.09 -20.417436999977472
3.6 0.1 -22.480019000017574
3.6 0.11 -21.41201799998886
3.6 0.12 -19.125956000003157
3.6 0.13 -17.820836000002046
3.6 0.14 -17.22385499999096
3.6 0.15 -16.934496000011098
3.6 0.16 -16.78124099999677
3.6 0.17 -16.694931999997284
3.6 0.18 -16.645131000014043
3.6 0.19 -16.61702399998076
3.6 0.2 -16.60269800000423
3.6 0.21 -16.59760300000722
3.6 0.22 -16.598932999993806
3.6 0.23 -16.604873000006734
3.6 0.24 -16.61417599999274
3.6 0.25 -16.62595599999149
3.6 0.26 -16.639562000015914
3.6 0.27 -16.654480999989016
3.6 0.28 -16.670311000022572
3.6 0.29 -16.6867199999717
3.6 0.3 -16.703419000023686
3.6 0.31 -16.720162999988005
3.6 0.32 -16.736717999989978
3.6 0.33 -16.752883000012883
3.6 0.34 -16.768458000004912
3.6 0.35 -16.783251999988902
3.6 0.36 -16.797090000008094
3.6 0.37 -16.809787999996203
3.6 0.38 -16.82117199999665
3.6 0.39 -16.8310699999984
3.6 0.4 -16.83930400000476
3.6 0.41 -16.845705000005292
3.6 0.42 -16.85009799998819
3.6 0.43 -16.852310999997385
3.6 0.44 -16.852310999997385
3.6 0.45 -16.835891999993347
3.6 0.46 -16.835891999993347
3.6 0.47 -16.835891999993347
3.6 0.48 -16.82460800001014
3.6 0.49 -16.81011399998765
3.65 0.01 -10.193822000008625
3.65 0.02 -10.821189999994377
3.65 0.03 -11.74096199999751
3.65 0.04 -12.854714000010148
3.65 0.05 -14.100793999993796
3.65 0.06 -15.413490000017912
3.65 0.07 -16.745201999981514
3.65 0.08 -18.340720999994232
3.65 0.09 -20.732317000007132
3.65 0.1 -22.35511700000377
3.65 0.11 -20.756345000005933
3.65 0.12 -18.617517999981175
3.65 0.13 -17.50627400001646
3.65 0.14 -16.99898400000127
3.65 0.15 -16.74883799999741
3.65 0.16 -16.614247999982
3.65 0.17 -16.537610000018862
3.65 0.18 -16.493113999994943
3.65 0.19 -16.467968999993573
3.65 0.2 -16.455236000006742
3.65 0.21 -16.450878999999738
3.65 0.22 -16.452377000000226
3.65 0.23 -16.45808800001197
3.65 0.24 -16.46687699997321
3.65 0.25 -16.477933000018638
3.65 0.26 -16.490650000005033
3.65 0.27 -16.504558999983473
3.65 0.28 -16.519289000014567
3.65 0.29 -16.53452399999117
3.65 0.3 -16.549996999994917
3.65 0.31 -16.56547900001469
3.65 0.32 -16.580751999981644
3.65 0.33 -16.595624000022
3.65 0.34 -16.60990899997817
3.65 0.35 -16.62342800001654
3.65 0.36 -16.636013999985607
3.65 0.37 -16.64749400001496
3.65 0.38 -16.65770699998957
3.65 0.39 -16.666486000005406
3.65 0.4 -16.67366899999568
3.65 0.41 -16.679093000004283
3.65 0.42 -16.682594000002194
3.65 0.43 -16.68400799999857
3.65 0.44 -16.683176000000785
3.65 0.45 -16.6799299999809
3.65 0.46 -16.674110000014405
3.65 0.47 -16.665555000021637
3.65 0.48 -16.654101999971157
3.65 0.49 -16.639590000000467
3.7 0.01 -10.10755199997604
3.7 0.02 -10.745765000006461
3.7 0.03 -11.680257000001845
3.7 0.04 -12.81264899999357
3.7 0.05 -14.082721000008332
3.7 0.06 -15.42410000000761
3.7 0.07 -16.80434599999013
3.7 0.08 -18.532446999994846
3.7 0.09 -21.017486000012102
3.7 0.1 -22.092478999980084
3.7 0.11 -20.1131300000235
3.7 0.12 -18.169344999989505
3.7 0.13 -17.223728999997675
3.7 0.14 -16.789778999993285
3.7 0.15 -16.57206300000816
3.7 0.16 -16.453188000014038
3.7 0.17 -16.384820999989177
3.7 0.18 -16.34490199998869
3.7 0.19 -16.322317000003736
3.7 0.2 -16.310954000005914
3.7 0.21 -16.30720500001369
3.7 0.22 -16.308807999969574
3.7 0.23 -16.314264000031272
3.7 0.24 -16.32254199998576
3.7 0.25 -16.332891999990537
3.7 0.26 -16.344759000013184
3.7 0.27 -16.35770899998333
3.7 0.28 -16.371389000016364
3.7 0.29 -16.38551200000754
3.7 0.3 -16.39982999998678
3.7 0.31 -16.41411899999666
3.7 0.32 -16.42818300000569
3.7 0.33 -16.441838999998723
3.7 0.34 -16.45490799999639
3.7 0.35 -16.467230000006772
3.7 0.36 -16.478636000002552
3.7 0.37 -16.48897599999087
3.7 0.38 -16.498085999998565
3.7 0.39 -16.505817999998825
3.7 0.4 -16.512014000014016
3.7 0.41 -16.516520999999948
3.7 0.42 -16.51918399998199
3.7 0.43 -16.519853000005455
3.7 0.44 -16.51837200000726
3.7 0.45 -16.514584999995904
3.7 0.46 -16.508343000012257
3.7 0.47 -16.499489999994832
3.7 0.48 -16.48787499998424
3.7 0.49 -16.473350000012474
3.75 0.01 -10.02261400001814
3.75 0.02 -10.671695999988632
3.75 0.03 -11.621031000021972
3.75 0.04 -12.772532999978381
3.75 0.05 -14.067523000012057
3.75 0.06 -15.439374999992491
3.75 0.07 -16.8752659999961
3.75 0.08 -18.7478389999996
3.75 0.09 -21.24904900000482
3.75 0.1 -21.71235600000561
3.75 0.11 -19.50474499999192
3.75 0.12 -17.77356999999896
3.75 0.13 -16.96738100001481
3.75 0.14 -16.593693999987277
3.75 0.15 -16.40299899999967
3.75 0.16 -16.2974560000073
3.75 0.17 -16.236198000002208
3.75 0.18 -16.20024799999261
3.75 0.19 -16.179883999996022
3.75 0.2 -16.16969800000677
3.75 0.21 -16.166451000002787
3.75 0.22 -16.16810299998049
3.75 0.23 -16.17328500001952
3.75 0.24 -16.181057000003193
3.75 0.25 -16.19072599998715
3.75 0.26 -16.201776999995573
3.75 0.27 -16.213812000014357
3.75 0.28 -16.22649600000051
3.75 0.29 -16.239569999993705
3.75 0.3 -16.25278999998868
3.75 0.31 -16.265957000012307
3.75 0.32 -16.278880999998066
3.75 0.33 -16.291389000002695
3.75 0.34 -16.303317000012537
3.75 0.35 -16.314507999982627
3.75 0.36 -16.32481099999373
3.75 0.37 -16.33407400001728
3.75 0.38 -16.342153999993045
3.75 0.39 -16.348899000000458
3.75 0.4 -16.35416899999232
3.75 0.41 -16.357816000013678
3.75 0.42 -16.35969800000215
3.75 0.43 -16.359662999985133
3.75 0.44 -16.357576000007853
3.75 0.45 -16.353281999990074
3.75 0.46 -16.346643000009195
3.75 0.47 -16.337513000004108
3.75 0.48 -16.325745999998972
3.75 0.49 -16.311204999990267
3.8 0.01 -9.938992000009252
3.8 0.02 -10.598972999993354
3.8 0.03 -11.563278000004104
3.8 0.04 -12.734401000003004
3.8 0.05 -14.055277999993661
3.8 0.06 -15.459616999997547
3.8 0.07 -16.95919000001221
3.8 0.08 -18.98319099998608
3.8 0.09 -21.405044000015554
3.8 0.1 -21.243074999990522
3.8 0.11 -18.943522999990172
3.8 0.12 -17.42232200001553
3.8 0.13 -16.73259800000436
3.8 0.14 -16.40871399999416
3.8 0.15 -16.2407049999829
3.8 0.16 -16.14654400002634
3.8 0.17 -16.09142999997893
3.8 0.18 -16.058932000006262
3.8 0.19 -16.04050400000999
3.8 0.2 -16.031328999997804
3.8 0.21 -16.028494999992468
3.8 0.22 -16.030147999988017
3.8 0.23 -16.03504600002131
3.8 0.24 -16.042315999998976
3.8 0.25 -16.051327999981865
3.8 0.26 -16.061601000014733
3.8 0.27 -16.072760999996646
3.8 0.28 -16.084503000011438
3.8 0.29 -16.096579999975432
3.8 0.3 -16.108765000026878
3.8 0.31 -16.120872999980648
3.8 0.32 -16.132719000001558
3.8 0.33 -16.14414800000573
3.8 0.34 -16.154999999997685
3.8 0.35 -16.165130000004154
3.8 0.36 -16.174392000000267
3.8 0.37 -16.182646999993707
3.8 0.38 -16.189755000013392
3.8 0.39 -16.195576999979963
3.8 0.4 -16.199978000006595
3.8 0.41 -16.202819000014376
3.8 0.42 -16.203963999977486
3.8 0.43 -16.203274000012854
3.8 0.44 -16.200617000006176
3.8 0.45 -16.195848999984705
3.8 0.46 -16.188839000008656
3.8 0.47 -16.17944899999982
3.8 0.48 -16.16754100000078
3.8 0.49 -16.152984000008516
3.85 0.01 -9.856670000001346
3.85 0.02 -10.527581000001621
3.85 0.03 -11.507004000002027
3.85 0.04 -12.698277999998453
3.85 0.05 -14.046066999995373
3.85 0.06 -15.485171999998112
3.85 0.07 -17.05729499999374
3.85 0.08 -19.23213300001342
3.85 0.09 -21.468534999993043
3.85 0.1 -20.715849000012735
3.85 0.11 -18.434094999975095
3.85 0.12 -17.108437000014906
3.85 0.13 -16.515708000000004
3.85 0.14 -16.233237000005726
3.85 0.15 -16.084410000000634
3.85 0.16 -16.000020999982198
3.85 0.17 -15.950245000021187
3.85 0.18 -15.92076699997865
3.85 0.19 -15.904026000015378
3.85 0.2 -15.89572000000404
3.85 0.21 -15.893220999990895
3.85 0.22 -15.894841000001477
3.85 0.23 -15.899443999992599
3.85 0.24 -15.906223000018457
3.85 0.25 -15.914600999984415
3.85 0.26 -15.924126999991003
3.85 0.27 -15.934457000028587
3.85 0.28 -15.945304999987172
3.85 0.29 -15.956437999997405
3.85 0.3 -15.967645999985777
3.85 0.31 -15.978749000016265
3.85 0.32 -15.989585000006898
3.85 0.33 -15.999992999979881
3.85 0.34 -16.009835000012615
3.85 0.35 -16.018963000007144
3.85 0.36 -16.027248999993734
3.85 0.37 -16.0345539999973
3.85 0.38 -16.0407509999949
3.85 0.39 -16.045705999996315
3.85 0.4 -16.049291000008722
3.85 0.41 -16.05137500000707
3.85 0.42 -16.051831000002167
3.85 0.43 -16.050527999986727
3.85 0.44 -16.04733400000667
3.85 0.45 -16.04212599998432
3.85 0.46 -16.034767000014924
3.85 0.47 -16.025133000003663
3.85 0.48 -16.013096999994033
3.85 0.49 -15.998527000000692
3.9 0.01 -9.775631999993097
3.9 0.02 -10.457504999994427
3.9 0.03 -11.452208000015663
3.9 0.04 -12.66419999998547
3.9 0.05 -14.039969000005966
3.9 0.06 -15.516426999990681
3.9 0.07 -17.170604000007568
3.9 0.08 -19.48547800001427
3.9 0.09 -21.429901999976213
3.9 0.1 -20.160314000019678
3.9 0.11 -17.975923999991075
3.9 0.12 -16.825732000000645
3.9 0.13 -16.31378699999074
3.9 0.14 -16.06597700000439
3.9 0.15 -15.933473999999922
3.9 0.16 -15.857528000005047
3.9 0.17 -15.812411000003198
3.9 0.18 -15.785575000001625
3.9 0.19 -15.770313999983173
3.9 0.2 -15.762757000016045
3.9 0.21 -15.76052699998963
3.9 0.22 -15.76208300001268
3.9 0.23 -15.766381999996412
3.9 0.24 -15.772684999982886
3.9 0.25 -15.780451000022552
3.9 0.26 -15.789264999987992
3.9 0.27 -15.798804999995738
3.9 0.28 -15.808804000008333
3.9 0.29 -15.819041999997982
3.9 0.3 -15.829327999998796
3.9 0.31 -15.83948400000422
3.9 0.32 -15.849363000004487
3.9 0.33 -15.858812999987023
3.9 0.34 -15.867698000011629
3.9 0.35 -15.875889999999767
3.9 0.36 -15.883253999981125
3.9 0.37 -15.88966800001755
3.9 0.38 -15.895007999997532
3.9 0.39 -15.899148000002569
3.9 0.4 -15.901967999987207
3.9 0.41 -15.90334300001571
3.9 0.42 -15.903152999992884
3.9 0.43 -15.901272000000674
3.9 0.44 -15.897581999997342
3.9 0.45 -15.89195699999378
3.9 0.46 -15.884274000015338
3.9 0.47 -15.874416000003219
3.9 0.48 -15.86225699998359
3.9 0.49 -15.847677000007096
3.95 0.01 -9.695863000001028
3.95 0.02 -10.388732000006229
3.95 0.03 -11.398888000009311
3.95 0.04 -12.632198999984467
3.95 0.05 -14.037068000014626
3.95 0.06 -15.553817999975802
3.95 0.07 -17.299825000023457
3.95 0.08 -19.731501999995576
3.95 0.09 -21.287861999983253
3.95 0.1 -19.601481000020197
3.95 0.11 -17.56547499999431
3.95 0.12 -16.569022000005592
3.95 0.13 -16.124502999979015
3.95 0.14 -15.905893000028323
3.95 0.15 -15.787366999972482
3.95 0.16 -15.71875300001578
3.95 0.17 -15.67771699999628
3.95 0.18 -15.653210000009862
3.95 0.19 -15.63924299999185
3.95 0.2 -15.632329999989144
3.95 0.21 -15.630314000016051
3.95 0.22 -15.631782999996332
3.95 0.23 -15.635774999990145
3.95 0.24 -15.64161400000937
3.95 0.25 -15.648791000000259
3.95 0.26 -15.65692399999817
3.95 0.27 -15.665713999997152
3.95 0.28 -15.674907999996432
3.95 0.29 -15.684300000004898
3.95 0.3 -15.693710000004288
3.95 0.31 -15.702977000007209
3.95 0.32 -15.711949999985805
3.95 0.33 -15.72049800000029
3.95 0.34 -15.728484000003803
3.95 0.35 -15.735789000007367
3.95 0.36 -15.742290999988459
3.95 0.37 -15.747865000008673
3.95 0.38 -15.75239899999302
3.95 0.39 -15.7557769999883
3.95 0.4 -15.757877000019946
3.95 0.41 -15.758586999993426
3.95 0.42 -15.757791000009275
3.95 0.43 -15.755371999990317
3.95 0.44 -15.751214000001553
3.95 0.45 -15.745200000001333
3.95 0.46 -15.737217999998151
3.95 0.47 -15.727148000004016
3.95 0.48 -15.714876999992885
3.95 0.49 -15.70029399999838
4.0 0.01 -9.61734700000605
4.0 0.02 -10.321249000000421
4.0 0.03 -11.347045000000822
4.0 0.04 -12.602304999997926
4.0 0.05 -14.037454999993356
4.0 0.06 -15.59782000001054
4.0 0.07 -17.44517199998806
4.0 0.08 -19.95667700001042
4.0 0.09 -21.049121000000586
4.0 0.1 -19.058276999981597
4.0 0.11 -17.197791000018757
4.0 0.12 -16.33402999999561
4.0 0.13 -15.945991000005918
4.0 0.14 -15.75212899998902
4.0 0.15 -15.645645000005834
4.0 0.16 -15.583427999992224
4.0 0.17 -15.545983000021154
4.0 0.18 -15.523528999973676
4.0 0.19 -15.510699000014213
4.0 0.2 -15.504344000004386
4.0 0.21 -15.50249199999157
4.0 0.22 -15.50385199999836
4.0 0.23 -15.507541000002629
4.0 0.24 -15.512926000002055
4.0 0.25 -15.519536999999403
4.0 0.26 -15.527023999997155
4.0 0.27 -15.535098000007949
4.0 0.28 -15.543528999997388
4.0 0.29 -15.55211999999287
4.0 0.3 -15.560704999995053
4.0 0.31 -15.569126000016794
4.0 0.32 -15.577249999996198
4.0 0.33 -15.584943999993314
4.0 0.34 -15.592085999998048
4.0 0.35 -15.59855700000366
4.0 0.36 -15.604243000006054
4.0 0.37 -15.609030999996762
4.0 0.38 -15.61280899998961
4.0 0.39 -15.615467000014135
4.0 0.4 -15.616892999990014
4.0 0.41 -15.616982000000931
4.0 0.42 -15.615616000005145
4.0 0.43 -15.612691999997693
4.0 0.44 -15.608098000008383
4.0 0.45 -15.601722999996056
4.0 0.46 -15.593457999987223
4.0 0.47 -15.583195000012646
4.0 0.48 -15.570821999993075
4.0 0.49 -15.556234999998239
