0.04	0.0	6.3384932002086965e-06	9.189068230038835e-07	4.0629994918424854e-05	0.8541651673482666	
0.04	4e-05	6.366115876547073e-06	9.228306042311076e-07	4.0760165799836936e-05	0.8580544557685004	
0.04	8e-05	6.393922774319238e-06	9.267801085509111e-07	4.0890975159142946e-05	0.8619704856875686	
0.04	0.00012	6.421915559082621e-06	9.307555647577277e-07	4.102242727924872e-05	0.8659135039924925	
0.04	0.00016	6.45009591548998e-06	9.347572042248125e-07	4.115452648020087e-05	0.8698837604408003	
0.04	0.0002	6.478465547555645e-06	9.387852609395271e-07	4.128727711959155e-05	0.8738815077008906	
0.04	0.00024	6.50702617892595e-06	9.428399715391775e-07	4.142068359296914e-05	0.8779070013930677	
0.04	0.00028	6.535779553154258e-06	9.46921575347456e-07	4.1554750334254496e-05	0.8819605001312574	
0.04	0.00032	6.564727433980496e-06	9.510303144114489e-07	4.1689481816162726e-05	0.8860422655654212	
0.04	0.00036	6.593871605615309e-06	9.551664335392587e-07	4.1824882550631044e-05	0.8901525624246631	
0.04	0.0004	6.623213873028961e-06	9.593301803382404e-07	4.1960957089252156e-05	0.8942916585610745	
0.04	0.00044	6.652756062245078e-06	9.63521805253849e-07	4.209771002371409e-05	0.8984598249943005	
0.04	0.00048	6.6825000206392105e-06	9.677415616091382e-07	4.223514598624578e-05	0.9026573359568641	
0.04	0.00052	6.712447617242509e-06	9.719897056448987e-07	4.237326965006907e-05	0.9068844689402374	
0.04	0.00056	6.742600743050409e-06	9.76266496560452e-07	4.2512085729856884e-05	0.9111415047417182	
0.04	0.0006	6.7729613113365806e-06	9.805721965551299e-07	4.265159898219801e-05	0.9154287275120712	
0.04	0.00064	6.803531257972146e-06	9.84907070870424e-07	4.279181420606828e-05	0.9197464248039933	
0.04	0.00068	6.834312541750302e-06	9.89271387832847e-07	4.29327362433085e-05	0.924094887621404	
0.04	0.00072	6.8653071447164575e-06	9.936654188974952e-07	4.307436997910929e-05	0.9284744104695635	
0.04	0.00076	6.896517072503978e-06	9.980894386923442e-07	4.321672034250243e-05	0.9328852914060659	
0.04	0.0008	6.927944354675733e-06	1.0025437250632804e-06	4.33597923068598e-05	0.937327832092693	
0.04	0.00084	6.95959104507133e-06	1.0070285591198804e-06	4.3503590890399016e-05	0.941802337848155	
0.04	0.00088	6.991459222160486e-06	1.0115442252819718e-06	4.364812115669672e-05	0.94630911770176	
0.04	0.00092	7.023550989402314e-06	1.0160910113269649e-06	4.379338821520898e-05	0.9508484844479999	
0.04	0.00096	7.055868475610953e-06	1.0206692084379892e-06	4.393939722179945e-05	0.9554207547020687	
0.04	0.001	7.0884138353273936e-06	1.025279111252837e-06	4.408615337927538e-05	0.9600262489563618	
0.04	0.00104	7.121189249197817e-06	1.0299210179137459e-06	4.423366193793111e-05	0.9646652916379599	
0.04	0.00108	7.154196924358519e-06	1.0345952301180201e-06	4.438192819609986e-05	0.9693382111671063	
0.04	0.00112	7.187439094827501e-06	1.0393020531695098e-06	4.453095750071364e-05	0.9740453400167068	
0.04	0.00116	7.220918021902913e-06	1.0440417960309913e-06	4.468075524787137e-05	0.9787870147728889	
0.04	0.0012	7.254635994568522e-06	1.0488147713774088e-06	4.4831326883415536e-05	0.9835635761966126	
0.04	0.00124	7.288595329906272e-06	1.053621295650066e-06	4.498267790351756e-05	0.9883753692863667	
0.04	0.00128	7.3227983735160535e-06	1.058461689111725e-06	4.513481385527169e-05	0.9932227433419907	
0.04	0.00132	7.357247499943055e-06	1.0633362759026729e-06	4.528774033729828e-05	0.9981060520296098	
0.04	0.00136	7.391945113112486e-06	1.0682453840977392e-06	4.5441463000356005e-05	1.0030256534477375	
0.04	0.0014	7.426893646772159e-06	1.0731893457643305e-06	4.559598754796317e-05	1.0079819101945493	
0.04	0.00144	7.462095564942928e-06	1.0781684970214453e-06	4.575131973702915e-05	1.012975189436368	
0.04	0.00148	7.4975533623771355e-06	1.0831831780997354e-06	4.590746537849475e-05	1.0180058629773658	
0.04	0.00152	7.533269565025268e-06	1.0882337334026156e-06	4.606443033798333e-05	1.0230743073305308	
0.04	0.00156	7.56924673051111e-06	1.0933205115684347e-06	4.6222220536461176e-05	1.0281809037899037	
0.04	0.0016	7.605487448615259e-06	1.0984438655337613e-06	4.638084195090897e-05	1.0333260385041318	
0.04	0.00164	7.641994341767555e-06	1.1036041525977543e-06	4.654030061500313e-05	1.0385101025513368	
0.04	0.00168	7.678770065548324e-06	1.1088017344877021e-06	4.6700602619808285e-05	1.0437334920153711	
0.04	0.00172	7.715817309198765e-06	1.1140369774256955e-06	4.686175411448059e-05	1.0489966080634399	
0.04	0.00176	7.753138796140649e-06	1.1193102521965122e-06	4.702376130698234e-05	1.0542998570251503	
0.04	0.0018	7.790737284505444e-06	1.124621934216685e-06	4.718663046480765e-05	1.0596436504730187	
0.04	0.00184	7.828615567673224e-06	1.1299724036048278e-06	4.735036791572039e-05	1.065028405304442	
0.04	0.00188	7.866776474821407e-06	1.135362045253199e-06	4.751498004850342e-05	1.0704545438251916	
0.04	0.00192	7.905222871483643e-06	1.1407912489005698e-06	4.768047331372047e-05	1.0759224938344498	
0.04	0.00196	7.943957660119e-06	1.1462604092063897e-06	4.784685422449033e-05	1.081432688711411	
0.04	0.002	7.982983780691738e-06	1.1517699258263082e-06	4.801412935727359e-05	1.0869855675035125	
0.04	0.00204	8.022304211261813e-06	1.1573202034890398e-06	4.818230535267235e-05	1.092581575016294	
0.04	0.00208	8.061921968586399e-06	1.1629116520746556e-06	4.835138891624373e-05	1.0982211619049378	
0.04	0.00212	8.101840108732681e-06	1.168544686694276e-06	4.8521386819326216e-05	1.1039047847675418	
0.04	0.00216	8.142061727702107e-06	1.1742197277712267e-06	4.869230589988034e-05	1.1096329062401218	
0.04	0.0022	8.18258996206638e-06	1.1799372011236908e-06	4.886415306334348e-05	1.1154059950934276	
0.04	0.00224	8.22342798961544e-06	1.1856975380488589e-06	4.903693528349915e-05	1.121224526331578	
0.04	0.00228	8.264579030017751e-06	1.1915011754086477e-06	4.921065960336104e-05	1.1270889812925649	
0.04	0.00232	8.306046345493007e-06	1.1973485557169969e-06	4.938533313607223e-05	1.132999847750681	
0.04	0.00236	8.347833241497737e-06	1.2032401272287728e-06	4.9560963065820505e-05	1.1389576200208893	
0.04	0.0024	8.389943067423992e-06	1.209176344030331e-06	4.9737556648768476e-05	1.1449627990651947	
0.04	0.00244	8.432379217311263e-06	1.2151576661317763e-06	4.99151212140012e-05	1.1510158926010585	
0.04	0.00248	8.47514513057227e-06	1.2211845595609203e-06	5.009366416448953e-05	1.1571174152118953	
0.04	0.00252	8.518244292732568e-06	1.2272574964590267e-06	5.02731929780713e-05	1.1632678884597076	
0.04	0.00256	8.56168023618453e-06	1.233376955178338e-06	5.045371520844931e-05	1.1694678409999004	
0.04	0.0026	8.605456540955842e-06	1.239543420381442e-06	5.063523848620773e-05	1.1757178086983142	
0.04	0.00264	8.649576835493045e-06	1.2457573831425233e-06	5.081777051984666e-05	1.1820183347505608	
0.04	0.00268	8.694044797460246e-06	1.252019341050526e-06	5.100131909683578e-05	1.1883699698036625	
0.04	0.00272	8.738864154553503e-06	1.2583297983142814e-06	5.1185892084686576e-05	1.1947732720801023	
0.04	0.00276	8.784038685331149e-06	1.2646892658696312e-06	5.1371497432045485e-05	1.2012288075042865	
0.04	0.0028	8.829572220060475e-06	1.271098261488621e-06	5.155814316980633e-05	1.207737149831518	
0.04	0.00284	8.875468641581061e-06	1.2775573098907529e-06	5.174583741224392e-05	1.2142988807795143	
0.04	0.00288	8.921731886185273e-06	1.2840669428564099e-06	5.193458835816937e-05	1.2209145901625287	
0.04	0.00292	8.968365944516185e-06	1.2906276993424437e-06	5.2124404292106836e-05	1.2275848760281516	
0.04	0.00296	9.015374862483407e-06	1.297240125600021e-06	5.231529358549299e-05	1.2343103447968278	
0.04	0.003	9.062762742197177e-06	1.3039047752947298e-06	5.250726469789925e-05	1.2410916114041788	
0.04	0.00304	9.110533742921242e-06	1.3106222096290507e-06	5.270032617827899e-05	1.2479292994461713	
0.04	0.00308	9.158692082044774e-06	1.3173929974671929e-06	5.289448666623693e-05	1.254824041327223	
0.04	0.00312	9.207242036074068e-06	1.3242177154623957e-06	5.3089754893326024e-05	1.2617764784112855	
0.04	0.00316	9.2561879416441e-06	1.3310969481867113e-06	5.328613968436826e-05	1.2687872611760032	
0.04	0.0032	9.305534196550791e-06	1.3380312882633596e-06	5.3483649958802846e-05	1.2758570493699946	
0.04	0.00324	9.355285260804152e-06	1.3450213365016838e-06	5.3682294732061536e-05	1.2829865121733555	
0.04	0.00328	9.405445657703075e-06	1.3520677020347915e-06	5.3882083116971486e-05	1.2901763283614294	
0.04	0.00332	9.456019974932016e-06	1.3591710024599259e-06	5.40830243251877e-05	1.297427186471951	
0.04	0.00336	9.507012865680346e-06	1.3663318639816293e-06	5.4285127668654646e-05	1.30473978497563	
0.04	0.0034	9.558429049784696e-06	1.3735509215577843e-06	5.448840256109818e-05	1.3121148324502498	
0.04	0.00344	9.610273314895016e-06	1.380828819048576e-06	5.4692858519549936e-05	1.3195530477583934	
0.04	0.00348	9.662550517664792e-06	1.3881662093684441e-06	5.4898505165902926e-05	1.327055160228836	
0.04	0.00352	9.715265584966087e-06	1.3955637546411203e-06	5.510535222850126e-05	1.3346219098417509	
0.04	0.00356	9.768423515129957e-06	1.4030221263577894e-06	5.5313409543764384e-05	1.3422540474177662	
0.04	0.0036	9.822029379212918e-06	1.4105420055384647e-06	5.5522687057846096e-05	1.349952334811007	
0.04	0.00364	9.876088322289994e-06	1.4181240828966648e-06	5.573319482833126e-05	1.3577175451061962	
0.04	0.00368	9.930605564775152e-06	1.4257690590074353e-06	5.594494302596927e-05	1.3655504628199218	
0.04	0.00372	9.98558640376955e-06	1.4334776444788338e-06	5.615794193644758e-05	1.373451884106172	
0.04	0.00376	1.0041036214438679e-05	1.4412505601269316e-06	5.63722019622042e-05	1.3814226169662365	
0.04	0.0038	1.0096960451418609e-05	1.4490885371544315e-06	5.6587733624283324e-05	1.3894634814631042	
0.04	0.00384	1.0153364650252533e-05	1.4569923173329834e-06	5.6804547564232976e-05	1.3975753099404302	
0.04	0.00388	1.0210254428858065e-05	1.4649626531892794e-06	5.70226545460472e-05	1.4057589472462277	
0.04	0.00392	1.0267635489026075e-05	1.473000308195034e-06	5.724206545815472e-05	1.4140152509613628	
0.04	0.00396	1.032551361795215e-05	1.4811060569609407e-06	5.746279131545479e-05	1.4223450916330136	
0.04	0.004	1.038389468980098e-05	1.4892806854346679e-06	5.768484326140233e-05	1.4307493530131783	
0.04	0.00404	1.0442784667305084e-05	1.4975249911030655e-06	5.790823257014393e-05	1.4392289323023877	
0.04	0.00408	1.0502189603398271e-05	1.5058397831985895e-06	5.813297064870711e-05	1.4477847403987456	
0.04	0.00412	1.0562115642884959e-05	1.5142258829101474e-06	5.835906903924398e-05	1.4564177021524118	
0.04	0.00416	1.0622569024146247e-05	1.5226841235983783e-06	5.85865394213313e-05	1.4651287566257183	
0.04	0.0042	1.0683556080883644e-05	1.5312153510155576e-06	5.881539361433001e-05	1.4739188573589976	
0.04	0.00424	1.0745083243901369e-05	1.539820423530183e-06	5.904564357980527e-05	1.4827889726423213	
0.04	0.00428	1.0807157042928314e-05	1.5485002123563908e-06	5.927730142401026e-05	1.4917400857932672	
0.04	0.00432	1.0869784108480748e-05	1.5572556017883032e-06	5.951037940043539e-05	1.5007731954409005	
0.04	0.00436	1.0932971173766579e-05	1.5660874894394635e-06	5.9744889912426e-05	1.5098893158160953	
0.04	0.0044	1.0996725076632485e-05	1.5749967864874123e-06	5.998084551587132e-05	1.519089477048401	
0.04	0.00444	1.1061052761554972e-05	1.5839844179236366e-06	6.021825892196692e-05	1.528374725469581	
0.04	0.00448	1.1125961281676526e-05	1.593051322808954e-06	6.045714300005435e-05	1.5377461239240473	
0.04	0.00452	1.1191457800887916e-05	1.6021984545344553e-06	6.0697510780540414e-05	1.547204752086322	
0.04	0.00456	1.1257549595958146e-05	1.6114267810882627e-06	6.093937545790051e-05	1.5567517067857461	
0.04	0.0046	1.1324244058712962e-05	1.6207372853280724e-06	6.118275039376759e-05	1.5663881023386286	
0.04	0.00464	1.1391548698263633e-05	1.6301309652598035e-06	6.142764912011297e-05	1.5761150708879996	
0.04	0.00468	1.1459471143286883e-05	1.6396088343224047e-06	6.167408534252057e-05	1.5859337627512147	
0.04	0.00472	1.1528019144357739e-05	1.649171921678996e-06	6.192207294356007e-05	1.595845346775584	
0.04	0.00476	1.159720057633659e-05	1.6588212725145477e-06	6.217162598626282e-05	1.605851010702266	
0.04	0.0048	1.1667023440811777e-05	1.6685579483402188e-06	6.242275871770563e-05	1.6159519615386442	
0.04	0.00484	1.1737495868599433e-05	1.6783830273045404e-06	6.267548557270594e-05	1.6261494259393987	
0.04	0.00488	1.1808626122302168e-05	1.6882976045116716e-06	6.292982117763569e-05	1.6364446505965378	
0.04	0.00492	1.1880422598927838e-05	1.6983027923468213e-06	6.318578035435709e-05	1.6468389026386254	
0.04	0.00496	1.1952893832570567e-05	1.7083997208091143e-06	6.344337812428801e-05	1.6573334700394264	
0.04	0.005	1.2026048497155408e-05	1.7185895378520487e-06	6.37026297126018e-05	1.667929662036281	
0.04	0.00504	1.209989540924834e-05	1.7288734097317377e-06	6.39635505525681e-05	1.6786288095584374	
0.04	0.00508	1.2174443530933896e-05	1.7392525213632023e-06	6.422615629004313e-05	1.6894322656656338	
0.04	0.00512	1.2249701972761712e-05	1.7497280766848644e-06	6.449046278811469e-05	1.7003414059972202	
0.04	0.00516	1.2325679996764204e-05	1.7603012990314877e-06	6.475648613191076e-05	1.7113576292320944	
0.04	0.0052	1.2402387019547663e-05	1.7709734315158066e-06	6.502424263358058e-05	1.7224823575597907	
0.04	0.00524	1.2479832615458273e-05	1.7817457374190488e-06	6.529374883745588e-05	1.7337170371629909	
0.04	0.00528	1.2558026519825487e-05	1.7926195005906198e-06	6.556502152540219e-05	1.7450631387118278	
0.04	0.00532	1.2636978632285298e-05	1.8035960258571862e-06	6.583807772237072e-05	1.7565221578702714	
0.04	0.00536	1.2716699020184851e-05	1.814676639441417e-06	6.611293470216129e-05	1.768095615815002	
0.04	0.0054	1.2797197922071667e-05	1.8258626893906336e-06	6.63896099934067e-05	1.7797850597670246	
0.04	0.00544	1.2878485751269262e-05	1.8371555460156789e-06	6.666812138579327e-05	1.7915920635365499	
0.04	0.00548	1.2960573099541901e-05	1.8485566023402526e-06	6.694848693652804e-05	1.80351822808134	
0.04	0.00552	1.3043470740851288e-05	1.8600672745610101e-06	6.723072497706778e-05	1.81556518207907	
0.04	0.00556	1.3127189635207483e-05	1.8716890025187348e-06	6.751485412012538e-05	1.827734582514015	
0.04	0.0056	1.3211740932617116e-05	1.8834232501809028e-06	6.780089326696858e-05	1.8400281152785252	
0.04	0.00564	1.329713597713148e-05	1.8952715061359264e-06	6.808886161502889e-05	1.8524474957897017	
0.04	0.00568	1.3383386310998053e-05	1.9072352840994351e-06	6.837877866583876e-05	1.8649944696217449	
0.04	0.00572	1.3470503678917801e-05	1.91931612343293e-06	6.867066423331739e-05	1.8776708131544173	
0.04	0.00576	1.3558500032411776e-05	1.931515589675154e-06	6.896453845242632e-05	1.89047833423811	
0.04	0.0058	1.3647387534300514e-05	1.9438352750865567e-06	6.926042178821674e-05	1.9034188728760166	
0.04	0.00584	1.3737178563299093e-05	1.9562767992072076e-06	6.95583350452949e-05	1.9164943019239244	
0.04	0.00588	1.382788571873193e-05	1.968841809428559e-06	6.985829937773065e-05	1.9297065278081227	
0.04	0.00592	1.391952182537061e-05	1.9815319815794703e-06	7.016033629943851e-05	1.943057491262055	
0.04	0.00596	1.401209993839852e-05	1.994349020526879e-06	7.046446769506143e-05	1.956549168082176	
0.04	0.006	1.4105633348506395e-05	2.007294660791574e-06	7.077071583139174e-05	1.9701835699037213	
0.04	0.00604	1.4200135587122562e-05	2.0203706671794738e-06	7.107910336936369e-05	1.9839627449968864	
0.04	0.00608	1.4295620431782469e-05	2.0335788354289352e-06	7.138965337665771e-05	1.9978887790841222	
0.04	0.00612	1.4392101911641154e-05	2.0469209928744914e-06	7.1702389340957e-05	2.0119637961791925	
0.04	0.00616	1.448959431313393e-05	2.0603989991275243e-06	7.201733518390428e-05	2.0261899594486152	
0.04	0.0062	1.4588112185789321e-05	2.074014746774443e-06	7.23345152758057e-05	2.040569472096256	
0.04	0.00624	1.4687670348199483e-05	2.0877701620927727e-06	7.265395445113616e-05	2.05510457827177	
0.04	0.00628	1.4788283894152791e-05	2.101667205785808e-06	7.297567802490506e-05	2.0697975640036295	
0.04	0.00632	1.4889968198933989e-05	2.1157078737363024e-06	7.329971180994464e-05	2.084650758157543	
0.04	0.00636	1.4992738925797308e-05	2.1298941977798376e-06	7.362608213518963e-05	2.099666533421073	
0.04	0.0064	1.5096612032617824e-05	2.144228246498406e-06	7.395481586502336e-05	2.1148473073152605	
0.04	0.00644	1.5201603778727274e-05	2.1587121260349044e-06	7.428594041977168e-05	2.1301955432341737	
0.04	0.00648	1.5307730731939934e-05	2.1733479809290867e-06	7.461948379743272e-05	2.145713751513221	
0.04	0.00652	1.5415009775775147e-05	2.188137994975729e-06	7.495547459674148e-05	2.161404490527226	
0.04	0.00656	1.552345811688258e-05	2.203084392105624e-06	7.529394204167256e-05	2.1772703678191867	
0.04	0.0066	1.5633093292677302e-05	2.2181894372901527e-06	7.563491600749886e-05	2.1933140412607486	
0.04	0.00664	1.574393317919142e-05	2.233455437470161e-06	7.597842704853267e-05	2.2095382202454354	
0.04	0.00668	1.5855995999149583e-05	2.248884742509902e-06	7.632450642768749e-05	2.2259456669157025	
0.04	0.00672	1.596930033027593e-05	2.2644797461768394e-06	7.667318614801482e-05	2.242539197424949	
0.04	0.00676	1.608386511384021e-05	2.2802428871481245e-06	7.702449898638135e-05	2.2593216832356795	
0.04	0.0068	1.6199709663451283e-05	2.2961766500446e-06	7.737847852947243e-05	2.276296052454998	
0.04	0.00684	1.631685367410646e-05	2.312283566493218e-06	7.773515921232515e-05	2.293465291208685	
0.04	0.00688	1.6435317231505426e-05	2.3285662162187648e-06	7.809457635961183e-05	2.3108324450552136	
0.04	0.00692	1.655512082163789e-05	2.3450272281658652e-06	7.845676622992378e-05	2.3284006204410312	
0.04	0.00696	1.6676285340654707e-05	2.3616692816522167e-06	7.882176606332604e-05	2.346172986198514	
0.04	0.007	1.67988321050319e-05	2.378495107554121e-06	7.918961413248386e-05	2.3641527750881077	
0.04	0.00704	1.692278286203846e-05	2.3955074895253092e-06	7.95603497976959e-05	2.3823432853861286	
0.04	0.00708	1.704815980051834e-05	2.412709265250182e-06	7.993401356620229e-05	2.40074788251985	
0.04	0.00712	1.7174985561997863e-05	2.4301033277326574e-06	8.031064715617917e-05	2.4193700007515337	
0.04	0.00716	1.730328325213041e-05	2.447692626621688e-06	8.069029356587467e-05	2.4382131449130977	
0.04	0.0072	1.7433076452490417e-05	2.4654801695748037e-06	8.107299714839411e-05	2.457280892193235	
0.04	0.00724	1.7564389232729252e-05	2.4834690236608653e-06	8.145880369270006e-05	2.4765768939788413	
0.04	0.00728	1.769724616310661e-05	2.501662316803391e-06	8.184776051145839e-05	2.496104877752699	
0.04	0.00732	1.7831672327410947e-05	2.520063239265804e-06	8.223991653643378e-05	2.5158686490494153	
0.04	0.00736	1.7967693336283337e-05	2.5386750451801054e-06	8.26353224222264e-05	2.535872093471766	
0.04	0.0074	1.8105335340960248e-05	2.557501054120316e-06	8.303403065923083e-05	2.5561191787695803	
0.04	0.00744	1.824462504745055e-05	2.5765446527223916e-06	8.343609569681196e-05	2.5766139569835125	
0.04	0.00748	1.8385589731163637e-05	2.595809296352098e-06	8.384157407781123e-05	2.5973605666560267	
0.04	0.00752	1.8528257252005603e-05	2.615298510822584e-06	8.42505245856413e-05	2.6183632351121258	
0.04	0.00756	1.867265606996187e-05	2.6350158941633364e-06	8.466300840538355e-05	2.6396262808124122	
0.04	0.0076	1.8818815261184962e-05	2.6549651184423844e-06	8.507908930048833e-05	2.6611541157811067	
0.04	0.00764	1.8966764534607475e-05	2.6751499316435913e-06	8.549883380688928e-05	2.6829512481119817	
0.04	0.00768	1.9116534249100845e-05	2.6955741596009644e-06	8.592231144658202e-05	2.7050222845550174	
0.04	0.00772	1.92681554312022e-05	2.716241707992123e-06	8.634959496299819e-05	2.727371933186939	
0.04	0.00776	1.942165979343182e-05	2.737156564392926e-06	8.678076058082386e-05	2.750005006168803	
0.04	0.0078	1.9577079753225653e-05	2.7583228003955674e-06	8.721588829328569e-05	2.7729264225939945	
0.04	0.00784	1.9734448452508463e-05	2.7797445737923532e-06	8.765506218035214e-05	2.796141211430122	
0.04	0.00788	1.9893799777934195e-05	2.801426130827647e-06	8.809837076180042e-05	2.8196545145584695	
0.04	0.00792	2.005516838182206e-05	2.82337180852044e-06	8.854590738967459e-05	2.84347158991488	
0.04	0.00796	2.021858970381827e-05	2.845586037060117e-06	8.899777068533853e-05	2.867597814735932	
0.04	0.008	2.038409999331507e-05	2.8680733422782475e-06	8.945406502711487e-05	2.8920386889147247	
0.04	0.00804	2.055173633266072e-05	2.8908383481991075e-06	8.991490109542689e-05	2.9167998384706104	
0.04	0.00808	2.0721536661196067e-05	2.913885779671985e-06	9.038039648344426e-05	2.9418870191373565	
0.04	0.00812	2.0893539800155677e-05	2.9372204650883147e-06	9.08506763825141e-05	2.9673061200746282	
0.04	0.00816	2.1067785478473934e-05	2.96084733918691e-06	9.13258743531677e-05	2.9930631677077737	
0.04	0.0082	2.1244314359539656e-05	2.9847714459505457e-06	9.180613319428089e-05	3.0191643297011224	
0.04	0.00824	2.142316806894508e-05	3.0089979415976016e-06	9.229160592508914e-05	3.045615919070325	
0.04	0.00828	2.160438922327952e-05	3.0335320976722127e-06	9.278245689728729e-05	3.07242439843951	
0.04	0.00832	2.178802146002127e-05	3.0583793042369563e-06	9.327886305746508e-05	3.0995963844492307	
0.04	0.00836	2.1974109468585567e-05	3.0835450731719626e-06	9.378101538375046e-05	3.127138652321597	
0.04	0.0084	2.216269902259251e-05	3.1090350415847184e-06	9.428912052488858e-05	3.155058140589225	
0.04	0.00844	2.2353837013423016e-05	3.1348549753348974e-06	9.480340267523833e-05	3.1833619559949087	
0.04	0.00848	2.2547571485138908e-05	3.1610107726788135e-06	9.532410572553698e-05	3.2120573785694067	
0.04	0.00852	2.2743951670850132e-05	3.1875084680383793e-06	9.585149573701684e-05	3.2411518668949233	
0.04	0.00856	2.294302803062154e-05	3.214354235899453e-06	9.638586379590331e-05	3.270653063562477	
0.04	0.0086	2.3144852291021836e-05	3.2415543948449657e-06	9.692752931689433e-05	3.300568800831465	
0.04	0.00864	2.334947748643036e-05	3.269115411728249e-06	9.74768438784508e-05	3.3309071065004416	
0.04	0.00868	2.3556958002231935e-05	3.2970439059924383e-06	9.803419569032803e-05	3.361676209998404	
0.04	0.00872	2.3767349620049184e-05	3.3253466541418837e-06	9.860001481560584e-05	3.392884548706463	
0.04	0.00876	2.3980709565181555e-05	3.3540305943720035e-06	9.917477929671946e-05	3.4245407745201772	
0.04	0.0088	2.4197096556450232e-05	3.3831028313642314e-06	9.975902236913171e-05	3.4566537606635506	
0.04	0.00884	2.4416570858679105e-05	3.4125706412529662e-06	0.00010035334098930582	3.489232608766015	
0.04	0.00888	2.4639194338083755e-05	3.4424414767719625e-06	0.00010095840595813129	3.522286656214588	
0.04	0.00892	2.486503052089328e-05	3.472722972587733e-06	0.00010157497399038472	3.5558254837939103	
0.04	0.00896	2.5094144655593924e-05	3.503422950828166e-06	0.00010220390216978485	3.5898589236274985	
0.04	0.009	2.532660377926801e-05	3.5345494268147425e-06	0.00010284616534395001	3.624397067434396	
0.04	0.00904	2.556247678860824e-05	3.5661106150073392e-06	0.00010350287716252478	3.659450275116165	
0.04	0.00908	2.5801834516326152e-05	3.5981149351709905e-06	0.00010417531565644084	3.695029183689879	
0.04	0.00912	2.604474981385612e-05	3.630571018774424e-06	0.00010486495451262659	3.731144716583776	
0.04	0.00916	2.629129764149388e-05	3.6634877156308856e-06	0.00010557350153858636	3.7678080933130804	
0.04	0.0092	2.6541555167428412e-05	3.696874100792063e-06	0.0001063029462661665	3.805030839554566	
0.04	0.00924	2.6795601877552975e-05	3.730739481706671e-06	0.000107055619257506	3.842824797639399	
0.04	0.00928	2.705351969852143e-05	3.765093405655996e-06	0.00010783426651154443	3.881202137485051	
0.04	0.00932	2.7315393137310316e-05	3.799945667478957e-06	0.00010864214351766435	3.9201753679880893	
0.04	0.00936	2.7581309441650556e-05	3.835306317600538e-06	0.0001094831350973834	3.959757348901167	
0.04	0.0094	2.7851358787233445e-05	3.87118567037771e-06	0.0001103619094130321	3.999961303218777	
0.04	0.00944	2.812563449978737e-05	3.9075943127781406e-06	0.00011128411770055355	4.04080083009774	
0.04	0.00948	2.8404233323261558e-05	3.944543113407755e-06	0.00011225665585308105	4.082289918340158	
0.04	0.00952	2.8687255749931932e-05	3.982043231904292e-06	0.00011328801063938774	4.124442960468216	
0.04	0.00956	2.8974806434999827e-05	4.020106128715237e-06	0.00011438872317924768	4.167274767421853	
0.04	0.0096	2.926699472838785e-05	4.058743575279589e-06	0.00011557201705867307	4.210800583912646	
0.04	0.00964	2.956393537188816e-05	4.097967664634883e-06	0.00011685466098101724	4.255036104469246	
0.04	0.00968	2.986574943379444e-05	4.137790822472449e-06	0.00011825817079716571	4.299997490212085	
0.04	0.00972	3.0172565591076132e-05	4.178225818666576e-06	0.00011981051104852731	4.345701386397975	
0.04	0.00976	3.0484521930395104e-05	4.219285779306523e-06	0.0001215485454462203	4.392164940778141	
0.04	0.0098	3.080176854036789e-05	4.2609841992650784e-06	0.00012352163313478331	4.439405822817108	
0.04	0.00984	3.1124471338433116e-05	4.303334955344475e-06	0.00012579701687953553	4.487442243824461	
0.04	0.00988	3.145281787224827e-05	4.346352320052131e-06	0.00012846808179965992	4.536292978057599	
0.04	0.00992	3.178702636426049e-05	4.3900509760778175e-06	0.00013166733431334778	4.585977384862495	
0.04	0.00996	3.212736023800326e-05	4.4344460315782085e-06	0.0001355873654380612	4.636515431933055	
0.04	0.01	3.2474152196118014e-05	4.479553036437927e-06	0.00014051573351547052	4.687927719792521	
0.04	0.01004	3.282784547293794e-05	4.525387999796983e-06	0.00014689488282019743	4.740235507641424	
0.04	0.01008	3.318906691417547e-05	4.571967409371737e-06	0.00015542846653193054	4.793460740793943	
0.04	0.01012	3.355876042977197e-05	4.6193082535635e-06	0.00016727570468263737	4.8476260800737	
0.04	0.01016	3.393843511503577e-05	4.667428048212231e-06	0.0001844129598614527	4.902754933812505	
0.04	0.0102	3.4330616418703304e-05	4.716344870995103e-06	0.0002102914204916155	4.95887149345511	
0.04	0.01024	3.4739537266162244e-05	4.766077404751859e-06	0.00025084471746906415	5.016000773244467	
0.04	0.01028	3.517129969478796e-05	4.816644964061764e-06	0.0003147243242855772	5.074168646095329	
0.04	0.01032	3.562825164728662e-05	4.8680673294161985e-06	0.00040509837758922703	5.133401821187009	
0.04	0.01036	3.608521671937742e-05	4.920363975719643e-06	0.0004849849883617411	5.193727635014069	
0.04	0.0104	3.6487338752243356e-05	4.973554024603138e-06	0.00047410843277110345	5.255174068918835	
0.04	0.01044	3.6844709689461943e-05	5.027659433840951e-06	0.0003869031815971407	5.317770773814435	
0.04	0.01048	3.72119128988102e-05	5.082704340230517e-06	0.0003026796372347023	5.381548902117848	
0.04	0.01052	3.7605978008263245e-05	5.1387123446293805e-06	0.0002459697432142821	5.446540302567114	
0.04	0.01056	3.8022933362922835e-05	5.195707094985145e-06	0.00021066646951068866	5.512777741520944	
0.04	0.0106	3.845734824642462e-05	5.253712970837071e-06	0.00018852351769005338	5.580295158084258	
0.04	0.01064	3.890580732757908e-05	5.31275523220158e-06	0.00017422189704955485	5.6491277553459565	
0.04	0.01068	3.936645016149113e-05	5.3728600385978265e-06	0.00016469778099083336	5.719312053923345	
0.04	0.01072	3.983831914115023e-05	5.434054463479436e-06	0.00015819097727748008	5.790885946904447	
0.04	0.01076	4.032096024703574e-05	5.496366519044528e-06	0.00015366204252322712	5.863888761038201	
0.04	0.0108	4.0814206183962704e-05	5.559825189193811e-06	0.00015047535208460665	5.938361323696763	
0.04	0.01084	4.131805983513819e-05	5.624460468026375e-06	0.00014822843258890004	6.014346035033352	
0.04	0.01088	4.1832630382591005e-05	5.690303402423869e-06	0.0001466580607644654	6.091886945140011	
0.04	0.01092	4.23580973113102e-05	5.75738613804947e-06	0.0001455869827516269	6.1710298362720435	
0.04	0.01096	4.2894689565063036e-05	5.8257419685032805e-06	0.00014489268236414783	6.251822310358428	
0.04	0.011	4.344267319920313e-05	5.895405387592284e-06	0.00014448848963341022	6.334313882111109	
0.04	0.01104	4.40023439569653e-05	5.966412144790588e-06	0.0001443118142410616	6.418556078111056	
0.04	0.01108	4.457402279271446e-05	6.038799304035097e-06	0.0001443166171252245	6.504602542301997	
0.04	0.01112	4.515805321662505e-05	6.112605306047465e-06	0.00014446847428326216	6.592509148371977	
0.04	0.01116	4.575479980214605e-05	6.187870034408211e-06	0.00014474126728942978	6.682334119551519	
0.04	0.0112	4.636464746118301e-05	6.264634885638406e-06	0.00014511491900150397	6.774138156409123	
0.04	0.01124	4.6988001244864256e-05	6.342942843572496e-06	0.00014557381548697035	6.867984573279747	
0.04	0.01128	4.762528651884308e-05	6.422838558334435e-06	0.00014610568750131922	6.963939444022845	
0.04	0.01132	4.827694941770305e-05	6.504368430258674e-06	0.0001467008053698216	7.0620717578723005	
0.04	0.01136	4.894345751782241e-05	6.587580699129654e-06	0.00014735139120758542	7.162453586214305	
0.04	0.0114	4.962530069034655e-05	6.672525539147768e-06	0.00014805118420054282	7.265160261209996	
0.04	0.01144	5.032299211056171e-05	6.759255160067997e-06	0.00014879511522685682	7.370270567269504	
0.04	0.01148	5.1037069409846055e-05	6.847823914998543e-06	0.00014957906062489575	7.477866946483726	
0.04	0.01152	5.176809596325681e-05	6.938288415393186e-06	0.0001503996539593446	7.588035719231463	
0.04	0.01156	5.2516662310771036e-05	7.030707653821576e-06	0.0001512541407772282	7.700867321302635	
0.04	0.0116	5.3283387713938027e-05	7.1251431351582165e-06	0.00015214026557241333	7.816456559016727	
0.04	0.01164	5.406892185265575e-05	7.22165901689314e-06	0.00015305618312506258	7.934902883969222	
0.04	0.01168	5.4873946669255086e-05	7.320322259337281e-06	0.0001540003884637647	8.056310689211218	
0.04	0.01172	5.5699178369262675e-05	7.421202786572473e-06	0.00015497166118441332	8.180789628860513	
0.04	0.01176	5.6545369590257075e-05	7.524373659082805e-06	0.0001559690209329033	8.308454963358683	
0.04	0.0118	5.7413311752232333e-05	7.629911259100175e-06	0.00015699169164124272	8.439427932831816	
0.04	0.01184	5.8303837604927895e-05	7.737895489805308e-06	0.0001580390726828919	8.573836161286339	
0.04	0.01188	5.921782398972739e-05	7.84840998964585e-06	0.00015911071554134418	8.711814094679143	
0.04	0.01192	6.015619483603134e-05	7.961542363169308e-06	0.0001602063049069703	8.853503476248937	
0.04	0.01196	6.111992441453274e-05	8.077384429920788e-06	0.00016132564335984202	8.999053862889081	
0.04	0.012	6.21100408726043e-05	8.196032493127312e-06	0.00016246863898124775	9.148623186786356	
0.04	0.01204	6.312763008011487e-05	8.317587630083641e-06	0.0001636352953787779	9.302378367054393	
0.04	0.01208	6.417383981747821e-05	8.44215600637354e-06	0.0001648257037200142	9.460495976663841	
0.04	0.01212	6.524988434166728e-05	8.56984921630704e-06	0.00016604003645591644	9.62316297062164	
0.04	0.01216	6.635704937038381e-05	8.700784652234612e-06	0.00016727854248284378	9.790577482095452	
0.04	0.0122	6.749669752963039e-05	8.835085905717098e-06	0.00016854154354615285	9.96294969402604	
0.04	0.01224	6.867027431569549e-05	8.97288320389156e-06	0.00016982943173177016	10.140502794740755	
0.04	0.01228	6.987931462915366e-05	9.11431388478548e-06	0.0001711426679275403	10.323474027191711	
0.04	0.01232	7.112544994601932e-05	9.259522915801559e-06	0.00017248178116544588	10.512115842719531	
0.04	0.01236	7.241041619985459e-05	9.408663460133842e-06	0.00017384736878044377	10.706697171710314	
0.04	0.0124	7.373606245859288e-05	9.5618974964918e-06	0.0001752400973428655	10.90750482520744	
0.04	0.01244	7.510436049132604e-05	9.719396498217344e-06	0.0001766607043400117	11.114845043495592	
0.04	0.01248	7.651741533358356e-05	9.881342178694751e-06	0.0001781100005995228	11.329045209939016	
0.04	0.01252	7.797747697501797e-05	1.0047927310893275e-05	0.0001795888734629608	11.550455750985527	
0.04	0.01256	7.948695331127629e-05	1.0219356629969205e-05	0.00018109829073338927	11.779452246305322	
0.04	0.0126	8.10484245226441e-05	1.0395847829113235e-05	0.0001826393054360834	12.016437776599766	
0.04	0.01264	8.266465906632927e-05	1.0577632660291862e-05	0.00018421306144735257	12.261845540783707	
0.04	0.01268	8.433863149766849e-05	1.0764958153234856e-05	0.000185820800063303	12.516141779130066	
0.04	0.01272	8.607354236888133e-05	1.095808796800851e-05	0.0001874638675987216	12.779829044703916	
0.04	0.01276	8.787284049322946e-05	1.115730389884212e-05	0.00018914372412669617	13.053449872177996	
0.04	0.0128	8.974024790872693e-05	1.1362907549605283e-05	0.00019086195349272937	13.33759090110767	
0.04	0.01284	9.167978793033183e-05	1.1575222204547433e-05	0.00019262027476366994	13.632887520212071	
0.04	0.01288	9.369581674457501e-05	1.179459492170326e-05	0.0001944205553026834	13.940029110456113	
0.04	0.01292	9.579305907801739e-05	1.202139888085663e-05	0.00019626482569768116	14.259764978137866	
0.04	0.01296	9.797664856343226e-05	1.225603602328539e-05	0.0001981552968134378	14.592911085222259	
0.04	0.013	0.00010025217353848882	1.2498940026856124e-05	0.00020009437928855594	14.94035770340206	
0.04	0.01304	0.00010262572914510355	1.2750579667623375e-05	0.0002020847058593851	15.303078141530996	
0.04	0.01308	0.00010510397675863499	1.3011462628180411e-05	0.00020412915696632974	15.68213872405998	
0.04	0.01312	0.00010769421197123197	1.3282139823950587e-05	0.00020623089018666072	16.07871023204627	
0.04	0.01316	0.00011040444259101735	1.3563210331818301e-05	0.00020839337414564483	16.49408105961765	
0.04	0.0132	0.00011324347840874129	1.3855327021512794e-05	0.00021062042768928214	16.929672389265427	
0.04	0.01324	0.00011622103483921288	1.4159203009643555e-05	0.00021291626526311725	17.387055751304008	
0.04	0.01328	0.00011934785298303073	1.4475619080092223e-05	0.00021528554964014813	17.867973409206158	
0.04	0.01332	0.00012263583919652364	1.480543224367824e-05	0.0002177334533865712	18.374362107077207	
0.04	0.01336	0.00012609822793236978	1.514958564601293e-05	0.00022026573075971845	18.908380833143134	
0.04	0.0134	0.0001297497724564743	1.5509120077026437e-05	0.00022288880211450497	19.47244340013887	
0.04	0.01344	0.00013360696910599915	1.5885187391094905e-05	0.00022560985337464123	20.06925682818387	
0.04	0.01348	0.0001376883220916625	1.6279066216012072e-05	0.00022843695373112277	20.70186674902519	
0.04	0.01352	0.00014201465754767054	1.6692180416166157e-05	0.00023137919550071038	21.373711346851575	
0.04	0.01356	0.00014660949770582752	1.712612088536883e-05	0.00023444686106138463	22.08868572947958	
0.04	0.0136	0.00015149950886549898	1.7582671384696585e-05	0.0002376516230473706	22.851219110409485	
0.04	0.01364	0.00015671504044998785	1.806383931959546e-05	0.00024100678562436942	23.666367811968218	
0.04	0.01368	0.00016229077715784052	1.857189258067877e-05	0.0002445275768001337	24.53992792008801	
0.04	0.01372	0.0001682665324134912	1.910940387078732e-05	0.00024823150452709427	25.478572497587294	
0.04	0.01376	0.00017468821952126845	1.9679304329759024e-05	0.00025213879305876054	26.49001968571428	
0.04	0.0138	0.00018160904786656027	2.028494877933844e-05	0.0002562729209607977	27.583239919846623	
0.04	0.01384	0.00018909100622939174	2.0930195587335557e-05	0.0002606612888180777	28.768713033413313	
0.04	0.01388	0.00019720671526681432	2.1619505053658997e-05	0.0002653360536868814	30.05874947928519	
0.04	0.01392	0.00020604175863041667	2.235806143782128e-05	0.00027033517967756863	31.467894627539323	
0.04	0.01396	0.00021569764015337615	2.3151925401950723e-05	0.0002757037711186341	33.0134416383178	
0.04	0.014	0.00022629556770996853	2.4008225914781228e-05	0.00028149577861641547	34.716087548760505	
0.04	0.01404	0.00023798133967277736	2.4935403813559296e-05	0.00028777620207817424	36.60078013467215	
0.04	0.01408	0.0002509317179281066	2.5943523642581165e-05	0.00029462396309671944	38.69782159963393	
0.04	0.01412	0.00026536282842917774	2.7044676666108878e-05	0.0003021356892099882	41.044321956320445	
0.04	0.01416	0.0002815413617361188	2.825350698533717e-05	0.0003104307557068339	43.686134389007066	
0.04	0.0142	0.0002997996924408561	2.958790586185867e-05	0.0003196580847289727	46.680463734916444	
0.04	0.01424	0.00032055656346621146	3.106993885073736e-05	0.0003300054353191361	50.09942850070625	
0.04	0.01428	0.0003443457973926991	3.272709968319236e-05	0.0003417122794033477	54.03499466054542	
0.04	0.01432	0.0003718567849577545	3.4594029749257326e-05	0.00035508792753900374	58.60591631654391	
0.04	0.01436	0.0004039925755194222	3.671491209326748e-05	0.00037053748221740294	63.96766644444676	
0.04	0.0144	0.00044195481073762324	3.9146860402121716e-05	0.00038859969765307853	70.32691234926693	
0.04	0.01444	0.0004873705045087943	4.196480513032619e-05	0.0004100033498534836	77.96305082744907	
0.04	0.01448	0.000542485641166981	4.5268681952119857e-05	0.0004357530773524714	87.26097390781007	
0.04	0.01452	0.0006104682889489825	4.9194246652796234e-05	0.00046726337787031185	98.76216998541035	
0.04	0.01456	0.0006958963550820795	5.39297543408276e-05	0.0005065735412402156	113.24661462869946	
0.04	0.0146	0.0008055661870906439	5.9742397654616536e-05	0.0005567027766485693	131.8679472916548	
0.04	0.01464	0.0009498764396713644	6.702149119359118e-05	0.0006222559152489224	156.38380652086664	
0.04	0.01468	0.0011452751438248768	7.635130947271516e-05	0.0007104908506578164	189.56137297513317	
0.04	0.01472	0.0014187194333446958	8.863795649396214e-05	0.0008332578129590067	235.9135014162941	
0.04	0.01476	0.0018159569662575567	0.00010533625830099882	0.0010105913645690454	303.0612620879263	
0.04	0.0148	0.002416612367919088	0.00012885690351199124	0.0012772477353811473	404.2130547102573	
0.04	0.01484	0.0033576484401176537	0.00016324189169966875	0.0016929180729501002	562.0424045948596	
0.04	0.01488	0.004841673287466282	0.00021485192196026335	0.002346336857593549	810.2972049841785	
0.04	0.01492	0.006963199500352985	0.0002906003277460995	0.003283197320362291	1166.786630382126	
0.04	0.01496	0.00893447535457166	0.0003872383647605947	0.00418182596330124	1511.5142031966936	
0.04	0.015	0.00891869289460764	0.0004902146451581638	0.004284589951364099	1561.0374391997118	
0.04	0.01504	0.00715632991768605	0.0006168132716897468	0.0037074636268647227	1360.52859637862	
0.04	0.01508	0.005441479189523281	0.0007608911726827202	0.003167770595058902	1175.9754616137025	
0.04	0.01512	0.0041854399880193825	0.0007864997727636917	0.002681641016472287	997.2188940739405	
0.04	0.01516	0.0031800439652168496	0.0006351405076320904	0.0021003523594887363	762.0022253153184	
0.04	0.0152	0.0024381505950353357	0.00045243107624497083	0.0015890800838156119	549.032651634571	
0.04	0.01524	0.0019524445476122026	0.0003212742918013049	0.0012356891917846263	400.81760240268875	
0.04	0.01528	0.001650008312130761	0.00023875069877307302	0.001006908435906582	304.62271154008465	
0.04	0.01532	0.0014685458556102332	0.00018742263219186962	0.0008575488908920551	241.55192101100562	
0.04	0.01536	0.0013700488962377995	0.00015490737960139096	0.0007574742403038992	198.89866482103207	
0.04	0.0154	0.0013340160677045843	0.00013398444934346508	0.0006888280962597142	169.12376489033574	
0.04	0.01544	0.0013513491257445846	0.00012057501832366598	0.0006411000286403775	147.77457290508943	
0.04	0.01548	0.001421307398954261	0.0001123805105136825	0.0006079940433258565	132.14858857348793	
0.04	0.01552	0.0015509407860061037	0.0001081474536638302	0.0005857066630351954	120.54842105381914	
0.04	0.01556	0.0017567984716775553	0.00010730713698028715	0.0005720222812710555	111.8719409242349	
0.04	0.0156	0.0020695953965239036	0.00010984294372631011	0.0005658857024404727	105.3819680629478	
0.04	0.01564	0.0025437817549311586	0.0001163344772998309	0.0005673062534050318	100.572787655951	
0.04	0.01568	0.0032757335036754445	0.0001282013053854201	0.0005775744107693832	97.0902879152035	
0.04	0.01572	0.00443445425071886	0.00014821251614972102	0.0005997995482004212	94.6827742805954	
0.04	0.01576	0.006289202460868491	0.00018112379518871841	0.000639234262613566	93.16985685270382	
0.04	0.0158	0.009086633621309131	0.00023250805196842336	0.000699419781126752	92.42161630343523	
0.04	0.01584	0.012255304982971716	0.00029670730036090954	0.0007627055461367912	92.3405436843365	
0.04	0.01588	0.013362953498541174	0.0003304217609188278	0.00077682980719059	92.84250738870276	
0.04	0.01592	0.011106722722948374	0.00029570327667431917	0.0007305764276528474	93.86667947325518	
0.04	0.01596	0.007886311319403726	0.0002351786053912109	0.0006753680265251093	95.39952264952515	
0.04	0.016	0.005462732076899913	0.00018893277161373837	0.0006389525094035035	97.440783698015	
0.04	0.01604	0.0039175093265755075	0.00016073253062996102	0.0006204723881613949	99.9890290532119	
0.04	0.01608	0.002949765809103949	0.00014480971153377095	0.0006140302760203484	103.05068579504987	
0.04	0.01612	0.0023283084173916285	0.0001364831450952811	0.0006154387282709054	106.64367525823194	
0.04	0.01616	0.001915874115107952	0.00013297699369786657	0.0006223020937409575	110.79795983484699	
0.04	0.0162	0.0016339529090828703	0.0001327416802881246	0.0006333289433050587	115.55611194572816	
0.04	0.01624	0.001436855319217144	0.00013492349660032999	0.0006478633548588834	120.97457148335465	
0.04	0.01628	0.0012971341725384665	0.00013906584393546915	0.000665629210915138	127.12573255595812	
0.04	0.01632	0.0011977421942628071	0.0001449516740701108	0.0006865990061149409	134.1010107285016	
0.04	0.01636	0.0011277668864450542	0.0001525223159125101	0.0007109308690973777	142.01515377092772	
0.04	0.0164	0.0010800467839533136	0.0001618380606434494	0.0007389448629047755	151.01221733736432	
0.04	0.01644	0.0010497972549592335	0.00017306344510823366	0.0007711251425700028	161.27385412955297	
0.04	0.01648	0.0010337945045094969	0.0001864695644674325	0.0008081432036797776	173.03090970017627	
0.04	0.01652	0.0010298786276305531	0.00020245113004930978	0.0008509030779806584	186.57986179561104	
0.04	0.01656	0.0010366454440900437	0.00022155981720388822	0.0009006142698119311	202.3065239980829	
0.04	0.0166	0.0010532542658724345	0.0002445592620198776	0.0009589042562284621	220.72091045677308	
0.04	0.01664	0.0010793100209941955	0.00027251223337760737	0.0010279915229386312	242.50969107263546	
0.04	0.01668	0.001114795843178363	0.00030691888135936824	0.001110955596308379	268.6171357947971	
0.04	0.01672	0.0011600427408179612	0.00034993978292314955	0.001212168311812069	300.37356770640736	
0.04	0.01676	0.0012157296780642135	0.0004047650568078446	0.0013380023686415691	339.7055455899976	
0.04	0.0168	0.0012829122563575216	0.00047624382455859626	0.0014980329018499348	389.4912657675617	
0.04	0.01684	0.0013630824000445086	0.0005719927420657563	0.0017071440912659107	454.18230415332005	
0.04	0.01688	0.0014582659946005838	0.0007044092431580819	0.0019893414036148893	540.926880473111	
0.04	0.01692	0.001571171334796087	0.0008944066837865137	0.002384805018146973	661.645522332306	
0.04	0.01696	0.0017054099469541437	0.0011782701788853407	0.002962811953062991	836.8305141696007	
0.04	0.017	0.0018658251839437571	0.0016187694786811728	0.003842668241853338	1101.6986356031355	
0.04	0.01704	0.002058987064410346	0.0023124760846022427	0.005207597833573482	1510.2870232556124	
0.04	0.01708	0.0022939517481963146	0.0033273689228356875	0.007188222278648177	2101.331146528168	
0.04	0.01712	0.0025834553962021233	0.004364309138790195	0.009229248769567891	2712.661814494713	
0.04	0.01716	0.0029458437809732354	0.004502714383040461	0.00961407390502748	2841.9316830674297	
0.04	0.0172	0.0034082890922641825	0.0036193837949826443	0.008122265957633056	2425.832595388461	
0.04	0.01724	0.004012332791941932	0.002648116373530313	0.006517730904889597	1983.47068742912	
0.04	0.01728	0.00482375846553213	0.0020016903582424144	0.0055982009161030565	1751.8705121099226	
0.04	0.01732	0.005950676725849136	0.0016454308382730645	0.005339874019649578	1729.2382965303	
0.04	0.01736	0.007576941669057853	0.0014912218113093249	0.005647824747073456	1896.539263591271	
0.04	0.0174	0.010020551130120108	0.0014901519375211175	0.006551806937958033	2277.6753295762624	
0.04	0.01744	0.013806255998537785	0.001633530133548868	0.008236506926640103	2951.8413479820088	
0.04	0.01748	0.019564322032961486	0.001942327948119682	0.010987555728832367	4033.195993772652	
0.04	0.01752	0.02684009441990541	0.0024302228030120697	0.014689499598580208	5468.707894937722	
0.04	0.01756	0.03130391104371964	0.003025230411100881	0.017660513625337722	6567.4371813596035	
0.04	0.0176	0.028841891754585264	0.0037066405292814023	0.018422313329696693	6710.207782261508	
0.04	0.01764	0.02388751395173623	0.004710882014859531	0.019096360243298638	6729.7860447329285	
0.04	0.01768	0.021082067353975165	0.005922663183439057	0.020840108279837014	7166.813330733123	
0.04	0.01772	0.021366707512294025	0.006333583034445917	0.020961439277126015	7220.009970944764	
0.04	0.01776	0.024955155484111213	0.005595882773361159	0.018290107389115337	6534.983195045996	
0.04	0.0178	0.03242623035506316	0.004826669186407322	0.01586179050554242	6082.363020409961	
0.04	0.01784	0.04301833813900078	0.00458565253467115	0.015147876987840429	6289.10233496711	
0.04	0.01788	0.04986114272014601	0.004471495135713641	0.014744947304506446	6432.773118058456	
0.04	0.01792	0.045085962821512934	0.003924241022668779	0.012787041499548391	5604.568968613189	
0.04	0.01796	0.03496592705285197	0.0032310693078662746	0.01023596001371496	4360.839981354504	
0.04	0.018	0.027550031056251353	0.0028246719605028066	0.00851174389362081	3471.8546397738846	
0.04	0.01804	0.024374790257998484	0.002802855845926707	0.007869157233712853	3070.9847398126553	
0.04	0.01808	0.025127773829300058	0.0031957473737989316	0.00827657568153549	3119.0965180267485	
0.04	0.01812	0.029827329910902374	0.004079589382610531	0.009811542999358228	3619.480353684363	
0.04	0.01816	0.03774281361449539	0.00538801802884396	0.012291066794959464	4489.587263525992	
0.04	0.0182	0.04325414856362302	0.006293083501300957	0.01400030697353953	5090.453578773175	
0.04	0.01824	0.03878769793999105	0.005659402141243617	0.012609385698173513	4560.788803777872	
0.04	0.01828	0.028694111032675065	0.0041553532534972255	0.009469576281654145	3394.450716535828	
0.04	0.01832	0.020193530685653542	0.0028814397912456215	0.0068162536869641925	2411.447394431018	
0.04	0.01836	0.014608058047431064	0.0020410058082959886	0.005059333151771202	1761.5169146790533	
0.04	0.0184	0.01110221858096996	0.0015086589049805752	0.0039404699393432935	1349.2308807957547	
0.04	0.01844	0.008879022332820428	0.0011639361143111991	0.0032123539697074413	1083.5594607922694	
0.04	0.01848	0.007450391869636089	0.0009324948437533149	0.0027223657715583814	908.5760256097612	
0.04	0.01852	0.00654178066159013	0.0007716228243453986	0.00238293305290204	792.5764352265685	
0.04	0.01856	0.006003354233595132	0.0006565845790290191	0.0021437011290732473	717.9270991053329	
0.04	0.0186	0.005759947893716621	0.0005726428007157672	0.0019753802674135077	675.2894526480527	
0.04	0.01864	0.005787434116554225	0.0005107522200623284	0.0018612347798607177	660.7897178711539	
0.04	0.01868	0.006106096099562782	0.0004652405044837468	0.0017928851764894755	675.0162252938318	
0.04	0.01872	0.0067882345979132265	0.00043254162259338347	0.0017687367459440235	723.4339066985606	
0.04	0.01876	0.007983419594619939	0.00041050532112241113	0.0017944901236942134	818.4207314189264	
0.04	0.0188	0.00997112686790112	0.0003980478007562236	0.0018859924032860464	983.7185172882935	
0.04	0.01884	0.013249540939846165	0.00039502761855650316	0.002074812752992879	1262.0303640100465	
0.04	0.01888	0.01859737989267235	0.0004022197140833994	0.002412168529959982	1720.322929608531	
0.04	0.01892	0.026584260594027166	0.00042081789066192174	0.002935734421425892	2407.7217378183445	
0.04	0.01896	0.03484439986528744	0.00044971582192305804	0.0034855346113626777	3121.065364013528	
0.04	0.019	0.03583134119189623	0.00048343339536040584	0.003552397077669806	3211.8628972070237	
0.04	0.01904	0.02825880839840033	0.0005245245869018786	0.003050511532167362	2570.381554433663	
0.04	0.01908	0.019764722040153383	0.00058723822556924	0.0024975943107022106	1854.9716174139828	
0.04	0.01912	0.01383278836840706	0.0006855053866285873	0.002132521586148	1367.6279291993692	
0.04	0.01916	0.010168142655968805	0.000836305599637804	0.0019418260779015216	1086.986242944951	
0.04	0.0192	0.00797964160286737	0.0010686352902805909	0.0018834299907966008	951.9026976448449	
0.04	0.01924	0.006758528301091107	0.0014342623838055782	0.0019430526473638828	930.7257349317046	
0.04	0.01928	0.006268716095198767	0.0020216391251926783	0.002138933724557852	1023.6846120310247	
0.04	0.01932	0.006444594478490397	0.002949386019246228	0.00251244870269824	1252.6158766478213	
0.04	0.01936	0.007158390447520304	0.004200226901830785	0.0030482474984736114	1602.5554669831654	
0.04	0.0194	0.007644965992730903	0.005093862715886372	0.0034317224961845205	1850.3397694769105	
0.04	0.01944	0.006842029257595618	0.004636354786740208	0.003207001763002874	1674.6905526132418	
0.04	0.01948	0.005287431439786392	0.003378505890639146	0.0026232176411867415	1249.2822034133185	
0.04	0.01952	0.003964976842299275	0.0022968328568740673	0.00212413461303645	884.6192520334579	
0.04	0.01956	0.0030607904562712264	0.0015850864342613052	0.001797168862737291	641.5282785492928	
0.04	0.0196	0.0024577872492392992	0.0011379607030175428	0.0015937014433356975	485.5787077975185	
0.04	0.01964	0.0020423778820437607	0.0008511236807732879	0.001465731901041161	382.86553332364724	
0.04	0.01968	0.0017435251118768195	0.0006600353948857927	0.001383516080984146	312.34807265696566	
0.04	0.01972	0.001519669666868221	0.0005277088790537223	0.0013299533944325682	261.89445450447147	
0.04	0.01976	0.00134615832853165	0.00043279486940296533	0.0012951331445544617	224.44413848718324	
0.04	0.0198	0.0012078357554749831	0.0003625916639909932	0.00127313287609241	195.75382542452115	
0.04	0.01984	0.0010950070612937713	0.0003092698375545418	0.0012602867506568084	173.1769261391684	
0.04	0.01988	0.001001229802663955	0.0002678330877017646	0.001254248432770511	155.0019669333231	
0.04	0.01992	0.000922072708280882	0.0002349894981718377	0.0012534711474553543	140.08473389680861	
0.04	0.01996	0.0008543934337600402	0.00020850670026236249	0.0012569098553828083	127.6369885265161	
