0.08	0.0	9.306493990095482e-05	1.3375818288823616e-05	0.00024412480750677344	0.9890406590587533	
0.08	4e-05	9.351265239801079e-05	1.34373894434362e-05	0.0002448878473655493	0.9943343831687841	
0.08	8e-05	9.39639155158683e-05	1.3499406830254051e-05	0.0002456547029604857	0.9996726679382439	
0.08	0.00012	9.441876996428305e-05	1.3561874940306611e-05	0.0002464254020172256	1.00505603674152	
0.08	0.00016	9.487725707560399e-05	1.362479832315173e-05	0.000247199972542379	1.010485020963244	
0.08	0.0002	9.533941881677938e-05	1.3688181587820611e-05	0.00024797844282740044	1.0159601601508517	
0.08	0.00024	9.580529780164194e-05	1.3752029403780815e-05	0.0002487608414525373	1.0214820021706452	
0.08	0.00028	9.627493730348193e-05	1.3816346501918234e-05	0.00024954719729085046	1.0270511033674365	
0.08	0.00032	9.674838126791675e-05	1.3881137675537957e-05	0.00025033753951230885	1.0326680287278815	
0.08	0.00036	9.7225674326063e-05	1.3946407781385004e-05	0.0002511318975879608	1.038333352047597	
0.08	0.0004	9.770686180802254e-05	1.401216174068501e-05	0.0002519303012941829	1.0440476561021679	
0.08	0.00044	9.819198975668764e-05	1.4078404540205264e-05	0.00025273278071700827	1.049811532822144	
0.08	0.00048	9.86811049418773e-05	1.4145141233337077e-05	0.000253539366256536	1.0556255834721504	
0.08	0.00052	9.917425487481201e-05	1.4212376941199356e-05	0.0002543500886314242	1.0614904188342016	
0.08	0.00056	9.967148782293819e-05	1.4280116853764265e-05	0.00025516497888346994	1.0674066593953535	
0.08	0.0006	0.00010017285282510951	1.4348366231005419e-05	0.0002559840683822748	1.0733749355398192	
0.08	0.00064	0.0001006783997071386	1.441713040406895e-05	0.0002568073888300005	1.0793958877456333	
0.08	0.00068	0.00010118817909772747	1.4486414776468436e-05	0.0002576349722662178	1.0854701667860516	
0.08	0.00072	0.00010170224244478637	1.4556224825303645e-05	0.0002584668510728475	1.091598433935769	
0.08	0.00076	0.00010222064203215741	1.4626566102504063e-05	0.00025930305797920077	1.0977813611821117	
0.08	0.0008	0.0001027434309967472	1.4697444236097908e-05	0.0002601436260671144	1.104019631441343	
0.08	0.00084	0.00010327066334608682	1.4768864931506796e-05	0.00026098858877619173	1.110313938780228	
0.08	0.00088	0.0001038023939763281	1.4840833972867063e-05	0.00026183797990914326	1.116664988643008	
0.08	0.00092	0.00010433867869068926	1.4913357224378138e-05	0.00026269183363723846	1.123073498083932	
0.08	0.00096	0.00010487957421836476	1.49864406316788e-05	0.0002635501845058626	1.1295401960055051	
0.08	0.001	0.00010542513823391051	1.5060090223251967e-05	0.0002644130674401881	1.1360658234026453	
0.08	0.00104	0.00010597542937712182	1.5134312111858557e-05	0.0002652805177509606	1.1426511336128646	
0.08	0.00108	0.00010653050727341404	1.5209112496001199e-05	0.0002661525711404014	1.149296892572719	
0.08	0.00112	0.0001070904325547258	1.528449766141887e-05	0.0002670292637082325	1.1560038790806422	
0.08	0.00116	0.0001076552668809577	1.5360473982612523e-05	0.00026791063195782673	1.1627728850664079	
0.08	0.0012	0.00010822507296196185	1.543704792440317e-05	0.0002687967128024814	1.1696047158673695	
0.08	0.00124	0.00010879991458010264	1.5514226043522717e-05	0.000269687543571827	1.1765001905117147	
0.08	0.00128	0.00010937985661340106	1.5592014990238728e-05	0.00027058316201836836	1.1834601420089166	
0.08	0.00132	0.0001099649650592837	1.5670421510013793e-05	0.0002714836063241626	1.1904854176476143	
0.08	0.00136	0.00011055530705895494	1.57494524452002e-05	0.00027238891510764085	1.1975768793011268	
0.08	0.0014	0.00011115095092240972	1.5829114736771303e-05	0.00027329912743057365	1.2047354037408564	
0.08	0.00144	0.00011175196615410675	1.5909415426089958e-05	0.0002742142828051868	1.2119618829577796	
0.08	0.00148	0.00011235842347932437	1.5990361656715258e-05	0.00027513442120142965	1.2192572244923254	
0.08	0.00152	0.0001129703948712199	1.6071960676248627e-05	0.00027605958305440174	1.2266223517728432	
0.08	0.00156	0.00011358795357861186	1.615421983821991e-05	0.0002769898092719414	1.2340582044629518	
0.08	0.0016	0.00011421117415451155	1.6237146604015004e-05	0.0002779251412423807	1.2415657388180432	
0.08	0.00164	0.00011484013248542426	1.6320748544845594e-05	0.00027886562084247123	1.24914592805121	
0.08	0.00168	0.00011547490582144689	1.640503334376251e-05	0.00027981129044548654	1.2567997627089007	
0.08	0.00172	0.00011611557280718669	1.649000879771343e-05	0.0002807621929295051	1.2645282510565958	
0.08	0.00176	0.00011676221351352545	1.6575682819646497e-05	0.00028171837168587937	1.2723324194748349	
0.08	0.0018	0.00011741490947025972	1.666206344066076e-05	0.00028267987062789696	1.2802133128658904	
0.08	0.00184	0.00011807374369964167	1.6749158812204793e-05	0.00028364673419963704	1.2881719950714587	
0.08	0.00188	0.00011873880075085293	1.683697720832474e-05	0.00028461900738503194	1.2962095493016919	
0.08	0.00192	0.00011941016673543917	1.6925527027963095e-05	0.0002855967357171352	1.3043270785759438	
0.08	0.00196	0.00012008792936373834	1.7014816797309585e-05	0.00028657996528760486	1.3125257061756024	
0.08	0.002	0.0001207721779823349	1.710485517220552e-05	0.00028756874275640855	1.320806576109395	
0.08	0.00204	0.0001214630036125732	1.7195650940603124e-05	0.00028856311536175496	1.3291708535915654	
0.08	0.00208	0.0001221604989901659	1.728721302508115e-05	0.0002895631309302599	1.3376197255333608	
0.08	0.00212	0.00012286475860593318	1.7379550485418585e-05	0.00029056883788735564	1.346154401048226	
0.08	0.00216	0.00012357587874771127	1.7472672521227758e-05	0.00029158028526794484	1.3547761119711905	
0.08	0.0022	0.00012429395754346898	1.7566588474648565e-05	0.00029259752272731496	1.3634861133928866	
0.08	0.00224	0.00012501909500567263	1.7661307833105587e-05	0.0002936206005523144	1.3722856842087066	
0.08	0.00228	0.00012575139307694264	1.7756840232129727e-05	0.00029464956967280065	1.3811761276835774	
0.08	0.00232	0.00012649095567704568	1.7853195458246153e-05	0.00029568448167337035	1.3901587720328896	
0.08	0.00236	0.00012723788875126623	1.795038345193044e-05	0.0002967253888053776	1.3992349710201208	
0.08	0.0024	0.00012799230032020756	1.804841431063468e-05	0.0002977723439992507	1.4084061045716982	
0.08	0.00244	0.0001287543005310709	1.8147298291885842e-05	0.00029882540087711727	1.4176735794097253	
0.08	0.00248	0.0001295240017104616	1.8247045816458046e-05	0.00029988461376574606	1.4270388297031142	
0.08	0.00252	0.00013030151841877848	1.8347667471621037e-05	0.00030095003770981733	1.4365033177378224	
0.08	0.00256	0.00013108696750624123	1.8449174014466904e-05	0.00030202172848552936	1.4460685346067979	
0.08	0.0026	0.00013188046817061167	1.8551576375317536e-05	0.0003030997426145577	1.4557360009203333	
0.08	0.00264	0.00013268214201667166	1.8654885661214873e-05	0.0003041841373783708	1.4655072675375473	
0.08	0.00268	0.00013349211311751715	1.8759113159496297e-05	0.00030527497083292026	1.475383916319694	
0.08	0.00272	0.00013431050807773617	1.8864270341457917e-05	0.0003063723018237142	1.4853675609061046	
0.08	0.00276	0.00013513745609853455	1.8970368866108037e-05	0.00030747619000128965	1.4954598475135246	
0.08	0.0028	0.0001359730890448853	1.907742058401348e-05	0.00030858669583709326	1.5056624557597003	
0.08	0.00284	0.00013681754151476777	1.9185437541241713e-05	0.00030970388063978607	1.5159770995120452	
0.08	0.00288	0.0001376709509105797	1.929443198340117e-05	0.0003108278065719898	1.5264055277623123	
0.08	0.00292	0.000138533457512797	1.94044163597832e-05	0.00031195853666748225	1.536949525528195	
0.08	0.00296	0.00013940520455596578	1.9515403327608117e-05	0.00031309613484886445	1.547610914782798	
0.08	0.003	0.00014028633830711308	1.9627405756379014e-05	0.0003142406659457118	1.5583915554130472	
0.08	0.00304	0.0001411770081466649	1.9740436732346048e-05	0.0003153921957132275	1.569293346208041	
0.08	0.00308	0.0001420773666519668	1.98545095630849e-05	0.0003165507908514138	1.580318225878451	
0.08	0.00312	0.00014298756968350362	1.996963778219269e-05	0.0003177165190247827	1.591468174108136	
0.08	0.00316	0.00014390777647392127	2.008583515410503e-05	0.0003188894488826209	1.6027452126391413	
0.08	0.0032	0.0001448381497199546	2.0203115679037932e-05	0.0003200696500798337	1.6141514063913305	
0.08	0.00324	0.00014577885567737599	2.0321493598058027e-05	0.0003212571932983822	1.625688864617921	
0.08	0.00328	0.00014673006425907573	2.0440983398285703e-05	0.0003224521502693426	1.637359742098338	
0.08	0.00332	0.00014769194913639964	2.0561599818234864e-05	0.0003236545937956028	1.6491662403696874	
0.08	0.00336	0.0001486646878438661	2.0683357853293644e-05	0.0003248645977752256	1.6611106089984586	
0.08	0.0034	0.00014964846188739658	2.080627276135034e-05	0.00032608223722549874	1.673195146893835	
0.08	0.00344	0.00015064345685619575	2.093036006856961e-05	0.0003273075883076999	1.685422203664332	
0.08	0.00348	0.00015164986253842703	2.1055635575323275e-05	0.0003285407283526021	1.697794181019379	
0.08	0.00352	0.00015266787304082848	2.1182115362280575e-05	0.00032978173588674674	1.7103135342175921	
0.08	0.00356	0.00015369768691243438	2.1309815796663423e-05	0.0003310306906595137	1.7229827735635441	
0.08	0.0036	0.0001547395072725565	2.1438753538671647e-05	0.0003322876736710209	1.73580446595501	
0.08	0.00364	0.0001557935419432055	2.156894554808357e-05	0.00033355276720088147	1.7487812364825523	
0.08	0.00368	0.00015686000358612563	2.17004090910381e-05	0.00033482605483785245	1.761915770083638	
0.08	0.00372	0.00015793910984463348	2.183316174700362e-05	0.00033610762151041246	1.7752108132533877	
0.08	0.00376	0.00015903108349045494	2.1967221415940617e-05	0.00033739755351830077	1.7886691758142539	
0.08	0.0038	0.00016013615257576917	2.2102606325663545e-05	0.00033869593856505903	1.8022937327470112	
0.08	0.00384	0.00016125455059067028	2.223933503940915e-05	0.0003400028657916112	1.8160874260855207	
0.08	0.00388	0.0001623865166262749	2.2377426463617945e-05	0.00034131842581092755	1.8300532668778824	
0.08	0.00392	0.00016353229554371125	2.251689985593604e-05	0.0003426427107438137	1.844194337216699	
0.08	0.00396	0.00016469213814923622	2.2657774833444527e-05	0.00034397581425586965	1.8585137923412889	
0.08	0.004	0.0001658663013757382	2.2800071381124412e-05	0.00034531783159566867	1.87301486281484	
0.08	0.00404	0.00016705504847090046	2.2943809860564946e-05	0.00034666885963420487	1.8877008567796318	
0.08	0.00408	0.000168258649192306	2.3089011018923806e-05	0.00034802899690566003	1.9025751622935836	
0.08	0.00412	0.00016947738000978513	2.3235695998147655e-05	0.00034939834364954795	1.9176412497515787	
0.08	0.00416	0.0001707115243153163	2.3383886344462218e-05	0.00035077700185429263	1.9329026743951432	
0.08	0.0042	0.00017196137264081218	2.3533604018141147e-05	0.0003521650753023003	1.9483630789142905	
0.08	0.00424	0.00017322722288413197	2.3684871403563608e-05	0.00035356266961658557	1.9640261961454089	
0.08	0.00428	0.000174509380543684	2.3837711319570417e-05	0.00035496989230902843	1.9798958518694194	
0.08	0.00432	0.00017580815896199947	2.3992147030130038e-05	0.0003563868528303189	1.9959759677145432	
0.08	0.00436	0.00017712387957867444	2.414820225532408e-05	0.00035781366262167347	2.012270564168188	
0.08	0.0044	0.000178456872193102	2.4305901182665674e-05	0.00035925043516839446	2.0287837637028554	
0.08	0.00444	0.00017980747523743348	2.4465268478760725e-05	0.00036069728605535675	2.045519794020997	
0.08	0.00448	0.00018117603606023416	2.462632930132603e-05	0.0003621543330245071	2.0624829914242353	
0.08	0.00452	0.00018256291122132015	2.4789109311576286e-05	0.0003636216960344621	2.0796778043123987	
0.08	0.00456	0.0001839684667982883	2.4953634686994126e-05	0.0003650994973223061	2.0971087968183024	
0.08	0.0046	0.00018539307870528315	2.5119932134496788e-05	0.00036658786146768395	2.1147806525844066	
0.08	0.00464	0.0001868371330245616	2.5288028904014564e-05	0.00036808691545929496	2.13269817868779	
0.08	0.00468	0.00018830102635146234	2.545795280249609e-05	0.0003695967887638973	2.1508663097202954	
0.08	0.00472	0.00018978516615340143	2.5629732208356705e-05	0.00037111761339794335	2.1692901120309935	
0.08	0.00476	0.00019128997114356504	2.5803396086386624e-05	0.0003726495240019647	2.1879747881384732	
0.08	0.0048	0.00019281587166999453	2.597897400313615e-05	0.0003741926579178379	2.206925681320997	
0.08	0.00484	0.00019436331012080116	2.6156496142796418e-05	0.0003757471552690685	2.226148280392768	
0.08	0.00488	0.00019593274134629176	2.6335993323594684e-05	0.00037731315904423915	2.245648224675249	
0.08	0.00492	0.00019752463309882188	2.651749701472384e-05	0.0003788908151837678	2.2654313091727207	
0.08	0.00496	0.00019913946649124549	2.6701039353827672e-05	0.00038048027267014687	2.285503489962008	
0.08	0.005	0.00020077773647486893	2.6886653165062638e-05	0.00038208168362182575	2.30587088980658	
0.08	0.00504	0.000202439952337885	2.7074371977759605e-05	0.0003836952033909189	2.3265398040060505	
0.08	0.00508	0.00020412663822529423	2.7264230045709494e-05	0.0003853209906649336	2.347516706492553	
0.08	0.00512	0.00020583833368139945	2.745626236709701e-05	0.00038695920757271106	2.368808256186144	
0.08	0.00516	0.00020757559421600842	2.7650504705109426e-05	0.0003886100197948042	2.3904213036221194	
0.08	0.0052	0.00020933899189554822	2.784699360924709e-05	0.00039027359667850734	2.4123628978637863	
0.08	0.00524	0.0002111291159603684	2.8045766437364675e-05	0.000391950111357785	2.434640293715085	
0.08	0.00528	0.00021294657346957374	2.824686137847281e-05	0.0003936397408783503	2.4572609592481993	
0.08	0.00532	0.00021479198997482535	2.845031747633188e-05	0.00039534266632816205	2.4802325836622536	
0.08	0.00536	0.00021666601022460568	2.8656174653870866e-05	0.00039705907297362395	2.503563085490042	
0.08	0.0054	0.0002185692989005601	2.8864473738465042e-05	0.00039878915040179365	2.5272606211708246	
0.08	0.00544	0.00022050254138760767	2.9075256488110422e-05	0.0004005330926689166	2.551333594008221	
0.08	0.00548	0.00022246644457961677	2.9288565618530997e-05	0.0004022910984556318	2.575790663533361	
0.08	0.00552	0.00022446173772255665	2.9504444831260152e-05	0.00040406337122920793	2.600640755294756	
0.08	0.00556	0.000226489173297149	2.9722938842737427e-05	0.00040585011941320006	2.6258930710974804	
0.08	0.0056	0.000228549527943162	2.9944093414465206e-05	0.0004076515565649303	2.6515570997157965	
0.08	0.00564	0.00023064360342763755	3.016795538427087e-05	0.00040946790156124054	2.677642628104728	
0.08	0.00568	0.0002327722276594672	3.0394572698723955e-05	0.00041129937879296976	2.704159753137669	
0.08	0.00572	0.0002349362557528971	3.062399444675826e-05	0.0004131462183686595	2.731118893898856	
0.08	0.00576	0.0002371365711426952	3.085627089455431e-05	0.0004150086563280155	2.7585308045612402	
0.08	0.0058	0.00023937408675390456	3.109145352173725e-05	0.00041688693486568247	2.786406587882304	
0.08	0.00584	0.00024164974622926645	3.132959505895048e-05	0.000418781302565943	2.814757709352398	
0.08	0.00588	0.00024396452521762958	3.1570749526867775e-05	0.0004206920146489728	2.8435960120323194	
0.08	0.00592	0.00024631943272684963	3.181497227671018e-05	0.000422619333229344	2.8729337321193897	
0.08	0.00596	0.0002487155125449304	3.2062320032336514e-05	0.00042456352758750616	2.9027835152835872	
0.08	0.006	0.00025115384473339646	3.2312850933981994e-05	0.00042652487445503145	2.93315843381827	
0.08	0.00604	0.00025363554719715965	3.256662458372193e-05	0.0004285036583144572	2.964072004652728	
0.08	0.00608	0.00025616177733541964	3.282370209274198e-05	0.0004305001717146299	2.9955382082771016	
0.08	0.00612	0.00025873373377845594	3.308414613050194e-05	0.00043251471560250753	3.0275715086334896	
0.08	0.00616	0.0002613526582154908	3.334802097588362e-05	0.00043454759967245283	3.060186874030743	
0.08	0.0062	0.00026401983731916116	3.361539257041922e-05	0.00043659914273412115	3.093399799144298	
0.08	0.00624	0.0002667366047725224	3.388632857370219e-05	0.0004386696731001346	3.1272263281666675	
0.08	0.00628	0.00026950434340491984	3.416089842108809e-05	0.00044075952899480725	3.1616830791787436	
0.08	0.00632	0.00027232448744350326	3.443917338379884e-05	0.00044286905898530235	3.196787269816736	
0.08	0.00636	0.00027519852488765097	3.472122663155131e-05	0.00044499862243668146	3.2325567443152154	
0.08	0.0064	0.00027812800001407456	3.500713329783803e-05	0.0004471485899924408	3.2690100020120236	
0.08	0.00644	0.0002811145160209549	3.5296970547994344e-05	0.0004493193440822344	3.3061662274071346	
0.08	0.00648	0.00028415973782003714	3.559081765019558e-05	0.0004515112794586197	3.3440453218741633	
0.08	0.00652	0.00028726539498630265	3.588875604953677e-05	0.0004537248037648204	3.382667937130262	
0.08	0.00656	0.00029043328487550875	3.6190869445354624e-05	0.00045596033813562247	3.422055510578013	
0.08	0.0066	0.00029366527592068173	3.649724387196428e-05	0.00045821831783374005	3.4622303026412125	
0.08	0.00664	0.000296963311119468	3.680796778299095e-05	0.00046049919292412097	3.5032154362253953	
0.08	0.00668	0.0003003294117251432	3.7123132139490854e-05	0.00046280342898891017	3.545034938444105	
0.08	0.00672	0.00030376568115507224	3.7442830502065066e-05	0.000465131507885978	3.5877137847621405	
0.08	0.00676	0.0003072743091314682	3.776715912718553e-05	0.00046748392855418784	3.631277945718863	
0.08	0.0068	0.00031085757607043885	3.8096217067965323e-05	0.00046986120786882276	3.675754436407072	
0.08	0.00684	0.00031451785773659166	3.843010627961942e-05	0.00047226388155090156	3.721171368896594	
0.08	0.00688	0.0003182576301817993	3.8768931729880646e-05	0.0004746925051344151	3.767558007806545	
0.08	0.00692	0.0003220794749882425	3.911280151465039e-05	0.0004771476549958819	3.8149448292463877	
0.08	0.00696	0.00032598608483744594	3.9461826979184866e-05	0.00047962992945099395	3.8633635833633906	
0.08	0.007	0.0003299802694287943	3.981612284513521e-05	0.0004821399499235536	3.912847360753383	
0.08	0.00704	0.000334064961772946	4.0175807343783834e-05	0.00048467836219237255	3.9634306630122484	
0.08	0.00708	0.00033824322488765375	4.054100235584146e-05	0.0004872458377223008	4.015149477728813	
0.08	0.00712	0.000342518258925813	4.091183355819488e-05	0.0004898430750861539	4.068041358244238	
0.08	0.00716	0.0003468934087680616	4.128843057802319e-05	0.0004924708014848898	4.122145508530532	
0.08	0.0072	0.000351372172115012	4.1670927154728804e-05	0.0004951297743741266	4.177502873570306	
0.08	0.00724	0.00035595820811721587	4.2059461310162905e-05	0.0004978207832058134	4.234156235652655	
0.08	0.00728	0.0003606553465842524	4.245417552765838e-05	0.0005005446512947598	4.29215031703561	
0.08	0.00732	0.0003654675978179859	4.2855216940421175e-05	0.0005033022378206393	4.351531889464853	
0.08	0.00736	0.000370399163118993	4.326273752987134e-05	0.0005060944399771534	4.412349891081257	
0.08	0.0074	0.00037545444601957316	4.367689433457009e-05	0.000508922195281202	4.474655551297121	
0.08	0.00744	0.00038063806430154834	4.4097849670415645e-05	0.000511786484056195	4.538502524272962	
0.08	0.00748	0.00038595486286239697	4.452577136284362e-05	0.0005146883321051194	4.603947031683616	
0.08	0.00752	0.00039140992749910964	4.496083299182416e-05	0.0005176288135905613	4.6710480155258	
0.08	0.00756	0.000397008599685613	4.540321415050974e-05	0.0005206090541407238	4.739867301788399	
0.08	0.0076	0.00040275649242675334	4.5853100718454515e-05	0.0005236302342024968	4.810469775883634	
0.08	0.00764	0.0004086595072797467	4.631068515039967e-05	0.0005266935926649164	4.882923570821981	
0.08	0.00768	0.0004147238526426978	4.6776166781699536e-05	0.0005298004307789213	4.957300269207425	
0.08	0.00772	0.0004209560634195128	4.7249752151550564e-05	0.0005329521164021832	5.033675120233534	
0.08	0.00776	0.00042736302218126794	4.7731655345281264e-05	0.0005361500886010462	5.11212727297588	
0.08	0.0078	0.0004339519819560073	4.8222098357065866e-05	0.0005393958626452868	5.192740027404128	
0.08	0.00784	0.00044073059079222966	4.872131147454133e-05	0.0005426910354355407	5.275601104678961	
0.08	0.00788	0.0004477069182560817	4.9229533686931046e-05	0.0005460372914079701	5.36080293845699	
0.08	0.00792	0.00045488948403872435	4.9747013118420545e-05	0.0005494364089660787	5.448442989102379	
0.08	0.00796	0.0004622872888686851	5.0274007488681184e-05	0.000552890267495652	5.538624082900169	
0.08	0.008	0.00046990984794454896	5.08107846026089e-05	0.0005564008550257602	5.631454778584778	
0.08	0.00804	0.0004777672271262338	5.1357622871529504e-05	0.0005599702766066363	5.727049763741866	
0.08	0.00808	0.0004858700821488044	5.191481186832698e-05	0.0005636007634843358	5.825530283915214	
0.08	0.00812	0.0004942297011515743	5.248265291918094e-05	0.0005672946831624566	5.927024607557003	
0.08	0.00816	0.0005028580508475852	5.3061459734849235e-05	0.0005710545504531552	6.031668530303646	
0.08	0.0082	0.000511767826694925	5.365155908471172e-05	0.0005748830396334445	6.139605922446043	
0.08	0.00824	0.0005209725074722798	5.4253291517101125e-05	0.0005787829978386888	6.250989323897734	
0.08	0.00828	0.0005304864147073086	5.486701212979165e-05	0.0005827574598435896	6.365980591454352	
0.08	0.00832	0.0005403247774585613	5.549309139490081e-05	0.0005868096644023574	6.484751603690819	
0.08	0.00836	0.0005505038030106584	5.613191604288762e-05	0.0005909430723446279	6.607485029466602	
0.08	0.0084	0.0005610407541092477	5.678389001080892e-05	0.0005951613866527308	6.73437516671731	
0.08	0.00844	0.0005719540334380847	5.744943546053254e-05	0.0005994685747799047	6.8656288590110455	
0.08	0.00848	0.0005832632761267387	5.812899387320484e-05	0.0006038688935089765	7.001466498258523	
0.08	0.00852	0.0005949894511755191	5.882302722694543e-05	0.0006083669166980065	7.1421231229999975	
0.08	0.00856	0.0006071549727960836	5.9532019265497975e-05	0.0006129675663149442	7.287849622870455	
0.08	0.0086	0.0006197838227940077	6.025647686642482e-05	0.0006176761472291594	7.438914061189683	
0.08	0.00864	0.0006329016852658724	6.099693151839074e-05	0.0006224983863060131	7.5956031291601995	
0.08	0.00868	0.0006465360950512131	6.175394091817695e-05	0.0006274404764441128	7.758223746917476	
0.08	0.00872	0.0006607166015724247	6.252809069930144e-05	0.0006325091263068848	7.927104828695763	
0.08	0.00876	0.0006754749499176735	6.331999630552135e-05	0.0006377116166348689	8.102599231695535	
0.08	0.0088	0.0006908452812779725	6.413030502409471e-05	0.0006430558641878657	8.285085910912883	
0.08	0.00884	0.0007068643551456627	6.495969819549553e-05	0.0006485504945635053	8.4749723052786	
0.08	0.00888	0.0007235717960247358	6.580889361835945e-05	0.000654204925379342	8.672696984025452	
0.08	0.00892	0.0007410103678020348	6.667864817081909e-05	0.0006600294616000048	8.878732586341526	
0.08	0.00896	0.0007592262793925395	6.756976067212493e-05	0.0006660354051530868	9.09358909217584	
0.08	0.009	0.0007782695258137241	6.848307501159916e-05	0.000672235181425141	9.31781746766227	
0.08	0.00904	0.0007981942694781391	6.941948357560172e-05	0.000678642485785481	9.552013735162902	
0.08	0.00908	0.0008190592672375048	7.03799310073945e-05	0.0006852724539807814	9.796823525578382	
0.08	0.00912	0.0008409283495874062	7.136541833966738e-05	0.0006921418611172471	10.05294717954207	
0.08	0.00916	0.0008638709594755043	7.23770075451644e-05	0.0006992693550522215	10.321145474662439	
0.08	0.0092	0.000887962759380221	7.341582655746601e-05	0.0007066757314233182	10.60224606841577	
0.08	0.00924	0.0009132863167810147	7.44830748217339e-05	0.00071438425934489	10.897150760997457	
0.08	0.00928	0.0009399318798748753	7.558002944431288e-05	0.000722421069126155	11.206843699880174	
0.08	0.00932	0.0009679982574676363	7.670805202079186e-05	0.0007308156163866727	11.532400668568016	
0.08	0.00936	0.0009975938194599712	7.786859623477375e-05	0.0007396012409026567	11.874999626780387	
0.08	0.0094	0.0010288376373526011	7.906321633459797e-05	0.0007488158437447364	12.235932698912737	
0.08	0.00944	0.001061860787835766	8.029357661309568e-05	0.0007585027132313773	12.616619843178448	
0.08	0.00948	0.001096807846959885	8.156146203675682e-05	0.0007687115395843623	13.018624476676774	
0.08	0.00952	0.0011338386078084766	8.286879019621854e-05	0.0007794996708819781	13.443671383428779	
0.08	0.00956	0.0011731300612708678	8.42176247807076e-05	0.0007909336803362025	13.893667295281055	
0.08	0.0096	0.0012148786877828307	8.561019081618924e-05	0.0008030913390873629	14.37072461214811	
0.08	0.00964	0.001259303118221287	8.704889195203472e-05	0.0008160641226060751	14.877188821710515	
0.08	0.00968	0.0013066472351139428	8.853633013592802e-05	0.0008299604269219548	15.415670293689413	
0.08	0.00972	0.0013571838017880865	9.007532808399422e-05	0.0008449097401389489	15.989081265656125	
0.08	0.00976	0.0014112187281886035	9.166895503588725e-05	0.0008610681157092652	16.60067901305468	
0.08	0.0098	0.0014690961094760502	9.332055638693656e-05	0.0008786254435199493	17.25411641482706	
0.08	0.00984	0.0015312042095303878	9.503378791671674e-05	0.0008978152399269693	17.953501399583452	
0.08	0.00988	0.0015979826096269225	9.681265549251215e-05	0.0009189280224279775	18.703467101151084	
0.08	0.00992	0.0016699308081286309	9.866156132622855e-05	0.0009423298719471411	19.509254986955735	
0.08	0.00996	0.0017476186483691533	0.00010058535811643017	0.0009684886403316978	20.376813775052785	
0.08	0.01	0.001831699082425948	0.0001025894127295118	0.0009980116494761684	21.312917661732463	
0.08	0.01004	0.00192292397068324	0.00010467968148728063	0.0010317010380005006	22.325308289825976	
0.08	0.01008	0.0020221639099063824	0.00010686279966200067	0.0010706368482365485	23.422866063518182	
0.08	0.01012	0.0021304335459685674	0.00010914618847492419	0.0011163048370534216	24.615817947747217	
0.08	0.01016	0.002248924591742363	0.00011153818380716334	0.0011707983977976492	25.915990901604562	
0.08	0.0102	0.0023790500873374486	0.00011404819204276597	0.0012371469651623768	27.33712275525994	
0.08	0.01024	0.0025225058080256633	0.00011668688008890024	0.0013198671059761946	28.895245886218156	
0.08	0.01028	0.00268135915436121	0.00011946640882854792	0.001425918228782912	30.6091638183875	
0.08	0.01032	0.0028581843691844106	0.00012240072231606007	0.0015664149856858055	32.5010473347732	
0.08	0.01036	0.0030562791911633806	0.00012550590931808934	0.0017597806704774963	34.5971855510805	
0.08	0.0104	0.0032800260189838593	0.0001288006598671788	0.0020376031156957974	36.92893964663641	
0.08	0.01044	0.0035354845282167804	0.0001323068475625307	0.0024549338458927025	39.53396405554275	
0.08	0.01048	0.0038311453367203636	0.00013605027479364333	0.003103336423349539	42.45778396776058	
0.08	0.01052	0.004177355387235235	0.0001400615963743353	0.004094384040746463	45.75585157933047	
0.08	0.01056	0.00457693010649707	0.0001443773037216895	0.005352175807899179	49.49624953746735	
0.08	0.0106	0.005001631895949442	0.00014904073957873584	0.006099874654284538	53.76328502766033	
0.08	0.01064	0.005423892631480327	0.00015410509284485705	0.005532606551822667	58.66237807381587	
0.08	0.01068	0.0058906566455961505	0.00015963826104706583	0.004393240951729041	64.32675795988514	
0.08	0.01072	0.006456078957047817	0.0001657251779296683	0.003505484722017563	70.9266226458576	
0.08	0.01076	0.007145572873397219	0.00017247257906536018	0.0029741112663350987	78.68205822906376	
0.08	0.0108	0.007981169900618909	0.00018001776972900786	0.002693477331399353	87.88156248099463	
0.08	0.01084	0.008994603353469832	0.0001885407354312318	0.0025748573847420436	98.90899894936885	
0.08	0.01088	0.010232055991882448	0.00019828170163829523	0.002568056495652504	112.28362264683531	
0.08	0.01092	0.011759282104190617	0.00020956767832777928	0.002649328965475756	128.72084641265877	
0.08	0.01096	0.013670007707218525	0.00022285367637317623	0.002811929067331296	149.22674563079954	
0.08	0.011	0.01609984780165457	0.00023878843816838355	0.003061849426033229	175.248967378322	
0.08	0.01104	0.0192494912538375	0.0002583223511817451	0.0034175034679677727	208.92475721558526	
0.08	0.01108	0.02342418359816585	0.0002828902463703558	0.003912945421518524	253.50146275563282	
0.08	0.01112	0.029102973479463924	0.0003147313327149653	0.004605618755475844	314.0729765530808	
0.08	0.01116	0.037063927067262	0.0003574671845733252	0.005591571170078996	398.9107949312248	
0.08	0.0112	0.04861604676280522	0.00041717177816984137	0.007034340703353093	521.9290044068363	
0.08	0.01124	0.0660285680406868	0.0005043517057572399	0.009218837578072438	707.2469134260223	
0.08	0.01128	0.09326099841738529	0.0006373132045447452	0.01264319037054011	996.9478938723262	
0.08	0.01132	0.13669989869154933	0.000845560445167903	0.018111486827316864	1458.9098632257558	
0.08	0.01136	0.20269311155513756	0.001158427474322997	0.026423068961836185	2160.5995229802948	
0.08	0.0114	0.2789340048009441	0.0015192448943641857	0.036027190985136376	2971.2270278630826	
0.08	0.01144	0.3054113486505944	0.0016513953502747785	0.039363122377603185	3253.0058212017466	
0.08	0.01148	0.24987821583376402	0.0014062934605899764	0.03236808039781522	2663.224652879184	
0.08	0.01152	0.1734678489339791	0.001065935238869156	0.0227438036922013	1851.6030933502302	
0.08	0.01156	0.11689597735889667	0.0008181950408895919	0.015619757557291176	1250.8673378801934	
0.08	0.0116	0.08091905407607004	0.000666725583807589	0.01109117444317781	869.0635294905815	
0.08	0.01164	0.0582910681727146	0.0005783126276318378	0.008245122484018324	629.190107707285	
0.08	0.01168	0.04363100325629404	0.0005283800634068247	0.006403651314657918	474.06794901582566	
0.08	0.01172	0.03376629320356957	0.0005025831904702067	0.005167060639929257	369.99095246459933	
0.08	0.01176	0.02688336454584068	0.0004929045242370277	0.004306881273859702	297.6986415392208	
0.08	0.0118	0.02192506297168413	0.000494891897766115	0.0036899609913795535	245.97277143702928	
0.08	0.01184	0.018254440920657134	0.0005061301373330024	0.0032361090691621353	208.06499957283106	
0.08	0.01188	0.015474102108814596	0.0005254375290004896	0.0028953401238209385	179.77809529347627	
0.08	0.01192	0.013327878409589263	0.0005524525433368318	0.0026354924960049772	158.4225941717256	
0.08	0.01196	0.011645799000491251	0.0005874354022189778	0.002435303411295133	142.2341701064598	
0.08	0.012	0.010312310507161325	0.0006311990104012158	0.002280417098232204	130.03900931971754	
0.08	0.01204	0.009247372545019516	0.0006851320651806913	0.002161020377197237	121.05734580516695	
0.08	0.01208	0.008394933112433466	0.0007513057160720725	0.0020704160247447005	114.78742662013605	
0.08	0.01212	0.007715800964888294	0.0008326768123381596	0.0020041623990506756	110.93928642687851	
0.08	0.01216	0.007183270346772543	0.000933424137449615	0.0019595791726684944	109.40262692440281	
0.08	0.0122	0.0067806048017202	0.0010594875889985153	0.0019355185079574357	110.24229615522471	
0.08	0.01224	0.006499952576922928	0.0012194365805573515	0.0019323683867094818	113.72199853486413	
0.08	0.01228	0.006342619714994453	0.001425895928947589	0.00195231545370231	120.36467306652852	
0.08	0.01232	0.006321000047452757	0.0016979505270682783	0.0019999724372057204	131.0696612320142	
0.08	0.01236	0.006463009133251942	0.0020653267201956576	0.0020836042473957117	147.32770084694255	
0.08	0.0124	0.006820845640701406	0.0025758952948106957	0.002217428996747015	171.6151151317448	
0.08	0.01244	0.007487746687257362	0.0033095012740536273	0.0024259353017845892	208.12672518766237	
0.08	0.01248	0.008629590537660367	0.004403678208798966	0.0027519658863865842	264.1432701312938	
0.08	0.01252	0.010540990926266453	0.006099043557774891	0.003271026255921636	352.4485883735687	
0.08	0.01256	0.013717861608158369	0.008797925917299537	0.0041097790942210555	494.4526106214447	
0.08	0.0126	0.018776650824048367	0.012999373729874773	0.005425501656374629	716.7259781033749	
0.08	0.01264	0.02535185439597605	0.018410616394688377	0.0071254488301295445	1003.6403996886802	
0.08	0.01268	0.029243400498044185	0.021647876050615574	0.008140698740685522	1174.8225176102408	
0.08	0.01272	0.02582200083184729	0.01898118638791999	0.0072930309280408185	1031.4503615074677	
0.08	0.01276	0.019016845275210043	0.01357865881742839	0.005582850296548937	742.3676605879433	
0.08	0.0128	0.013496136740466444	0.00920390172694225	0.00419866082088916	508.1598167986746	
0.08	0.01284	0.009896128253277695	0.006370574807376156	0.0033025682967149812	356.19371809844415	
0.08	0.01288	0.007616840009180094	0.0045958031254496445	0.002741964617307889	260.72301547314777	
0.08	0.01292	0.00613416969411073	0.0034577765792509142	0.002383542876032625	199.25728169842762	
0.08	0.01296	0.005130184977148149	0.0027007822119616796	0.0021464671378761285	158.15997930982894	
0.08	0.013	0.004422837274643392	0.0021785643684563913	0.0019844822772793497	129.6294363336002	
0.08	0.01304	0.00390656464168457	0.0018064596473988063	0.0018707954497239128	109.14753910760368	
0.08	0.01308	0.0035181617342735583	0.0015338958857521211	0.0017893893247722234	94.01383624518188	
0.08	0.01312	0.003218393385461128	0.0013295794235045491	0.0017303428291852566	82.55593698490422	
0.08	0.01316	0.002982037525842791	0.0011734754750524442	0.0016872975122014153	73.70199168690984	
0.08	0.0132	0.0027923500725766776	0.0010523517950490468	0.0016560494441438234	66.7431049406745	
0.08	0.01324	0.002637887764503141	0.0009572221631181629	0.0016337412560153335	61.19701698550009	
0.08	0.01328	0.0025106241814948716	0.0008818316026012667	0.0016183832962725208	56.7273163408959	
0.08	0.01332	0.0024047974638237973	0.0008217308754485426	0.0016085609926320416	53.09406649614998	
0.08	0.01336	0.0023161850331018317	0.0007736947508615428	0.0016032508720576597	50.12276033184535	
0.08	0.0134	0.002241634913629755	0.0007353467770487014	0.0016017018773003843	47.68428480348596	
0.08	0.01344	0.0021787555170731153	0.0007049115206458829	0.0016033570129883484	45.68168244637708	
0.08	0.01348	0.0021257057787631827	0.0006810474912541326	0.0016078005427456483	44.04121541392793	
0.08	0.01352	0.002081050331767013	0.0006627323379967964	0.00161472176239515	42.706216903887615	
0.08	0.01356	0.002043657738068504	0.0006491826477299191	0.0016238897691035104	41.63278744150357	
0.08	0.0136	0.0020126277892133495	0.0006397971147675288	0.0016351356823217104	40.786736754988084	
0.08	0.01364	0.0019872387918924463	0.0006341158034135882	0.001648340022471062	40.14138256618271	
0.08	0.01368	0.0019669088265497165	0.0006317907023330072	0.0016634237382234136	39.67594963068552	
0.08	0.01372	0.0019511669311698134	0.0006325643558932067	0.0016803418768703156	39.37439681614026	
0.08	0.01376	0.0019396314412731268	0.0006362543935342498	0.0016990792226589434	39.22455509923912	
0.08	0.0138	0.001931993564370492	0.0006427424687324843	0.0017196474499400886	39.21749599613075	
0.08	0.01384	0.0019280048376083736	0.000651966589626624	0.0017420834913683737	39.347074790251945	
0.08	0.01388	0.00192746750747681	0.0006639161523822746	0.0017664489313166227	39.609610154208276	
0.08	0.01392	0.0019302271413280218	0.0006786292262166878	0.0017928303174178913	40.00367403874087	
0.08	0.01396	0.0019361669714034928	0.0006961918189396593	0.0018213403497771151	40.529974763510666	
0.08	0.014	0.001945203608853263	0.0007167389967912854	0.001852119965876321	41.19132326969118	
0.08	0.01404	0.0019572838650077987	0.0007404578590779808	0.0018853413958619801	41.99267832006286	
0.08	0.01408	0.0019723824915646258	0.0007675924901778281	0.001921212323450164	42.9412716985588	
0.08	0.01412	0.0019905007084466187	0.0007984511413069514	0.0019599813580227004	44.04681971309334	
0.08	0.01416	0.0020116654336423856	0.0008334160450663613	0.002001945110561236	45.32183307392471	
0.08	0.0142	0.0020359291676591475	0.0008729564528007956	0.0020474572788391193	46.78204409795093	
0.08	0.01424	0.002063370519748584	0.0009176457285841358	0.0020969402980610453	48.4469789194235	
0.08	0.01428	0.002094095396837066	0.000968183662560482	0.0021509003194536422	50.34071397513091	
0.08	0.01432	0.0021282389121155456	0.0010254256214538872	0.0022099465668806166	52.49287191160029	
0.08	0.01436	0.0021659681119174995	0.0010904207963268603	0.002274816528838361	54.939934350529434	
0.08	0.0144	0.002207485671108393	0.0011644627297552389	0.002346409028713002	57.72698084949779	
0.08	0.01444	0.002253034774552954	0.0012491566497538171	0.0024258280705355055	60.9100098525297	
0.08	0.01448	0.0023029054937156613	0.001346510131515287	0.0025144416232379153	64.55906621500603	
0.08	0.01452	0.0023574430956652447	0.0014590566116083536	0.0026139614119675566	68.76250346369493	
0.08	0.01456	0.0024170589060887853	0.0015900258825173406	0.0027265527029757286	73.63286764170859	
0.08	0.0146	0.002482244619001011	0.0017435828802955249	0.002854987618998134	79.31513722961213	
0.08	0.01464	0.002553591353107936	0.0019251675143538134	0.0030028627584980996	85.99844776265702	
0.08	0.01468	0.0026318153798657214	0.0021419868793324344	0.003174913645582353	93.93307042042456	
0.08	0.01472	0.0027177934289391173	0.0024037421047562045	0.003377478066369612	103.45547919541505	
0.08	0.01476	0.002812612051130495	0.0027237247809317883	0.0036191935997229295	115.02615659510235	
0.08	0.0148	0.002917638108816876	0.0031205100548892303	0.003912072772154244	129.28796326573612	
0.08	0.01484	0.003034621836742469	0.0036206392277997263	0.004273203721053985	147.15860773475762	
0.08	0.01488	0.0031658515053440864	0.0042629914715446365	0.004727517468343601	169.98132327750938	
0.08	0.01492	0.0033143922787509427	0.005106128652172156	0.005312430722954051	199.7779941856027	
0.08	0.01496	0.003484466825293688	0.006241039161263807	0.006085891494427965	239.68831973385633	
0.08	0.015	0.003682082589826406	0.007813972734870962	0.007140779813637385	294.756684440578	
0.08	0.01504	0.003916102859519802	0.010068494634314116	0.00863140548358729	373.3812639465259	
0.08	0.01508	0.004200141318482023	0.013423692068814965	0.010822756815368751	490.0088082184324	
0.08	0.01512	0.004556016623419868	0.01861269358789956	0.01417774587507349	669.9075870357146	
0.08	0.01516	0.0050201309509064086	0.02686513147537713	0.019472543641148223	955.4544594060133	
0.08	0.0152	0.005654720272230622	0.03973449069397768	0.027691406126308032	1400.186197236597	
0.08	0.01524	0.0065626956188971	0.056477633264715124	0.03839469969267494	1978.5086869439524	
0.08	0.01528	0.007874226835583687	0.0669448799389587	0.0452788340958693	2340.718092886055	
0.08	0.01532	0.009537779769241805	0.05919285297348909	0.040880267418363855	2075.3090470515185	
0.08	0.01536	0.010751468312385253	0.04250851154990594	0.030816247347320073	1502.2904572538248	
0.08	0.0154	0.010570780517337092	0.028835816823552924	0.022330853924652873	1033.2238179335523	
0.08	0.01544	0.009755871505882686	0.01996488642309561	0.01671672274116156	729.813800190279	
0.08	0.01548	0.009289869379084275	0.014419927458294277	0.013280351045723962	541.2394862094686	
0.08	0.01552	0.00935390884080156	0.010879758214956695	0.011246782193393283	422.0128503220028	
0.08	0.01556	0.009885152081948092	0.008540461957417991	0.010113337545467943	344.47580476552844	
0.08	0.0156	0.01086291601183514	0.006942457287671585	0.009609069899333201	292.8437296625698	
0.08	0.01564	0.012358824597304509	0.005820337067457948	0.009617564061662556	258.03432211555594	
0.08	0.01568	0.014561617887498325	0.005016259933522132	0.010138095093864005	234.68749058474333	
0.08	0.01572	0.017836802561407485	0.004433327950304777	0.011287836484360842	219.5650877477749	
0.08	0.01576	0.022844865758806017	0.00401043523869631	0.013344013279439033	210.69361330954433	
0.08	0.0158	0.030689466063790236	0.00370839022741944	0.016806509184549505	206.89806362326368	
0.08	0.01584	0.042668495597047114	0.0035018685430826483	0.0222748453371856	207.52466346137504	
0.08	0.01588	0.05759984270122051	0.0033735479171571226	0.029173259755816666	212.15418480984732	
0.08	0.01592	0.06581016075137981	0.003308590210459336	0.03288939059945298	220.21126700961182	
0.08	0.01596	0.058532177660414256	0.003297554020643788	0.02924308939780762	231.43279851349507	
0.08	0.016	0.045303325014879325	0.0033438720338812497	0.022761629741409738	246.797372370694	
0.08	0.01604	0.03539119933905929	0.0034550311786687073	0.017842924351378908	267.60533988974515	
0.08	0.01608	0.02978823166172561	0.0036393655225868127	0.014946068612573837	295.1699016998521	
0.08	0.01612	0.027291671401247143	0.003910287065151238	0.013481520542527275	331.3327002776547	
0.08	0.01616	0.026984351791727056	0.004290041112131526	0.012988042039286052	378.9291502033446	
0.08	0.0162	0.02846453538671464	0.004814453878121693	0.013236770942841779	442.3796128128171	
0.08	0.01624	0.031749382515931505	0.005541214470000109	0.014176024176485634	528.7105164452223	
0.08	0.01628	0.03725787225393927	0.006565088753513051	0.015906219559850145	649.4222532692964	
0.08	0.01632	0.04593607568456747	0.008046231852203302	0.01870783242259472	823.9631058533746	
0.08	0.01636	0.059575474898644454	0.010261895751209796	0.02313478912303414	1086.0765243865178	
0.08	0.0164	0.08135440343509068	0.013688137855742095	0.030180350838964046	1493.83020852713	
0.08	0.01644	0.11608716670279365	0.019039097095118862	0.04135502036419206	2134.371443367475	
0.08	0.01648	0.16639951325118404	0.026722977101380163	0.05750625737804369	3056.609058471814	
0.08	0.01652	0.21446009395127436	0.034229629839984954	0.07317158122911083	3948.4230894529383	
0.08	0.01656	0.21430299506462996	0.035039936360738475	0.07421514699495438	4001.594887301706	
0.08	0.0166	0.16698414455729332	0.029414912937026083	0.06110976205930062	3243.1679043227323	
0.08	0.01664	0.11844396594503823	0.02412015207024458	0.048317390527936356	2500.1419574232837	
0.08	0.01668	0.0856850956155939	0.021899423399639684	0.041517557608421525	2097.5265166914714	
0.08	0.01672	0.06595439434118014	0.022870005266643158	0.04055589548337253	2026.7400830913618	
0.08	0.01676	0.05456129972501579	0.027081632316019212	0.044948922445578916	2256.909619940515	
0.08	0.0168	0.04837699662356308	0.0344237877042461	0.054067298196171384	2726.2921059353775	
0.08	0.01684	0.04531901492530721	0.04307805131174685	0.06478698114391299	3169.553921866645	
0.08	0.01688	0.04417227966592194	0.05162521037565439	0.0746522141501023	3364.856851699061	
0.08	0.01692	0.04485152643250907	0.06058071040103213	0.08487476744524027	3491.4561936956025	
0.08	0.01696	0.04735575323132923	0.06222450143562109	0.08650012419195713	3369.2449100107533	
0.08	0.017	0.051797840603918024	0.050998431084507585	0.07273607276315358	2772.6899456207534	
0.08	0.01704	0.05905824453040594	0.03692166146638945	0.05594941160303983	2114.497924553668	
0.08	0.01708	0.07046775826107547	0.02687764514546142	0.04470326414953464	1678.6304381494888	
0.08	0.01712	0.08806547414096139	0.02097953300441547	0.03931253892375661	1467.9476885249792	
0.08	0.01716	0.11544728337638083	0.01807143521573945	0.03870849171499523	1442.5523754846488	
0.08	0.0172	0.15893385817055297	0.017494345846547098	0.04273131897259533	1599.1497241870409	
0.08	0.01724	0.2282683108331708	0.019171944790572333	0.05230592788567218	1976.7616682180965	
0.08	0.01728	0.33004879431862466	0.02311292812371037	0.06815096383355676	2604.835347886803	
0.08	0.01732	0.4330621211182648	0.027495356917627525	0.08483942278759216	3262.8136399874775	
0.08	0.01736	0.444787170835404	0.027381653364781027	0.08679688436607207	3317.930230166902	
0.08	0.0174	0.3564878966441466	0.022247177266263286	0.0726006297360118	2709.741077655301	
0.08	0.01744	0.26285441910026536	0.016987776160690905	0.058292501721029816	2083.55355639842	
0.08	0.01748	0.2053794265075531	0.013752184224652825	0.051193792104873924	1727.5374298855209	
0.08	0.01752	0.18283603368196752	0.012487446258242397	0.05176380096586816	1645.7753710412258	
0.08	0.01756	0.1898439057181146	0.012941253310392087	0.060021418906465736	1819.078295525436	
0.08	0.0176	0.21968601882791117	0.01473330782034954	0.07477340869003113	2197.959189030371	
0.08	0.01764	0.24469414123309807	0.01609440530239807	0.08622393829409522	2483.8371490332943	
0.08	0.01768	0.22603370310785365	0.014498914918018128	0.07991604140235793	2242.1134008063864	
0.08	0.01772	0.1822532984616658	0.011077586281468661	0.06297338246585385	1673.5716786655303	
0.08	0.01776	0.14883681998030018	0.008142403595350015	0.04914192031330711	1183.6812693698043	
0.08	0.0178	0.12605148606343097	0.006163864953846632	0.03993979084952426	855.9504090070639	
0.08	0.01784	0.10120961371115703	0.004878581479552868	0.032210943382574936	645.3935829165807	
0.08	0.01788	0.07651923987674797	0.004024022859258757	0.02566587509804683	506.8409116252168	
0.08	0.01792	0.05792247205747553	0.003436531550743962	0.021014612822428832	412.1232397122192	
0.08	0.01796	0.04526605693891898	0.0030218176233174536	0.01798387893241791	344.97008339187056	
0.08	0.018	0.036645966990556195	0.0027257739345320996	0.016077100926889666	295.9278060721871	
0.08	0.01804	0.030600298947533418	0.002517481294940359	0.014953472510652018	259.3680995073351	
0.08	0.01808	0.026232752032464564	0.0023804239781020273	0.014431530993746947	231.88089014364354	
0.08	0.01812	0.02301351352930673	0.002308533289402466	0.014447114549458021	211.4321869909364	
0.08	0.01816	0.02063180736481824	0.0023054905061154042	0.015036486672928917	196.9514633042844	
0.08	0.0182	0.01891599011690073	0.002387124890196887	0.016352653553465487	188.1990383928109	
0.08	0.01824	0.017799028811878722	0.0025878654057954415	0.0187224555920095	185.87528391245786	
0.08	0.01828	0.017313730269318595	0.0029720190035398726	0.022750062426524595	191.96152897853062	
0.08	0.01832	0.01758903466390492	0.0036398371253973	0.029372867970630597	209.89573083085355	
0.08	0.01836	0.018695831527561272	0.004652043337976125	0.03916108541887085	241.71411384463883	
0.08	0.0184	0.019915438816810627	0.005651937418368668	0.048811114675632705	273.88418905936715	
0.08	0.01844	0.01933722951695146	0.0056578189812392715	0.04921953663376176	269.5199193156029	
0.08	0.01848	0.016868003020789436	0.00463115806433622	0.04003562038142432	227.06789120537303	
0.08	0.01852	0.014382774652632595	0.003555934408536161	0.03039800390069857	183.2693433227356	
0.08	0.01856	0.012617470921466728	0.0028213612710422126	0.02392745968906888	152.61963555382542	
0.08	0.0186	0.011460333367973445	0.002374056328027187	0.020139901205894865	133.0596013985974	
0.08	0.01864	0.010708741409802469	0.00211242370434549	0.018107496454466125	120.7335931837901	
0.08	0.01868	0.010229707210584684	0.001970488244935538	0.017238771937752053	113.12387342280783	
0.08	0.01872	0.00995032954942757	0.0019131791248416935	0.017238352844480775	108.87012856320723	
0.08	0.01876	0.009836066000128063	0.0019253036488320596	0.018010578469333027	107.35149710790498	
0.08	0.0188	0.009878717074950293	0.0020056849834101816	0.019615500336312604	108.45903107060121	
0.08	0.01884	0.010093373250092604	0.0021662058184833133	0.02227882277507018	112.5460396099208	
0.08	0.01888	0.01052342309245271	0.0024355353681673915	0.026461368521105616	120.54245641867361	
0.08	0.01892	0.011255487895885269	0.002868944003471404	0.0330147135711169	134.27601908440494	
0.08	0.01896	0.012447353658625567	0.0035662678112256133	0.04345722006353808	157.0668388266427	
0.08	0.019	0.014355550771961656	0.004689446527047638	0.06024339825413966	194.310097943212	
0.08	0.01904	0.017228526768510433	0.0063934366097816	0.08572840291545941	251.1865427431544	
0.08	0.01908	0.020543010008606	0.008335612368648026	0.11475990343590609	316.38387314616574	
0.08	0.01912	0.021905257150104315	0.008975489643562595	0.12398878605415622	338.83258477914165	
0.08	0.01916	0.020189537546262896	0.0075914316050332544	0.10227609549394379	294.6333576544109	
0.08	0.0192	0.017875388974332447	0.005758955626074893	0.07344507413349118	236.2421933899651	
0.08	0.01924	0.016532219319551702	0.00445932074256992	0.05242452376078252	196.4837215612116	
0.08	0.01928	0.016214248022198476	0.0036996374472223308	0.039280021936661844	175.92076431488204	
0.08	0.01932	0.01670927387334551	0.0033062502634553445	0.031268636593171036	169.2644293737693	
0.08	0.01936	0.017918097177568013	0.0031590012245846172	0.026403090494253517	173.25912134515508	
0.08	0.0194	0.019887478673277264	0.0031997341211632098	0.023552024761659584	187.1402923891015	
0.08	0.01944	0.022819418765746696	0.003415972110046325	0.02213107394863384	212.40917176270364	
0.08	0.01948	0.027126657251833206	0.003835317970473344	0.021904687383040827	253.2353895622499	
0.08	0.01952	0.03356393761553653	0.004534156912353071	0.022911886812838036	317.8279711685905	
0.08	0.01956	0.04345485596421138	0.005660731992002481	0.025482493042305016	420.95858336502783	
0.08	0.0196	0.05884607028352527	0.00745136548789193	0.03025685605444313	585.6690465706723	
0.08	0.01964	0.08122380057378005	0.010078691769537861	0.03770416692215628	828.4242343216251	
0.08	0.01968	0.10449335066510225	0.012826458677727307	0.04558624117396521	1078.1883714250469	
0.08	0.01972	0.10958879087325171	0.013456244663905433	0.047011739225642044	1114.2388178044353	
0.08	0.01976	0.0939603973721598	0.011671879836351661	0.04103302770898985	905.5212312630956	
0.08	0.0198	0.07735356687481003	0.009798988875091168	0.03471944298107181	676.8759378130421	
0.08	0.01984	0.06887943222501264	0.008917996645235512	0.03131197487527498	529.3391025000992	
0.08	0.01988	0.06852088033287303	0.009043798734428246	0.030756983146157213	456.55147002520334	
0.08	0.01992	0.07558280782790994	0.010123567020684818	0.032731493980195335	440.3490843805141	
0.08	0.01996	0.09101568185475328	0.012319255825624535	0.037454851224377896	474.34352930213527	
