0.1	0.0	0.00021931852673314883	3.0471390528092595e-05	0.000406005292751329	1.1172053820537593	
0.1	4e-05	0.00022057274308680822	3.062166769918357e-05	0.00040738197765188854	1.124194711253987	
0.1	8e-05	0.00022183930078002923	3.0773111270067255e-05	0.00040876642910133386	1.1312549302333044	
0.1	0.00012	0.00022311837857125463	3.092573381685296e-05	0.00041015871478006054	1.138387061748444	
0.1	0.00016	0.0002244101586685601	3.107954809143002e-05	0.0004115589032481797	1.145592147947287	
0.1	0.0002	0.000225714826812729	3.123456702451691e-05	0.00041296706396175894	1.15287125082659	
0.1	0.00024	0.00022703257236271802	3.139080372877392e-05	0.00041438326728946405	1.1602254527026714	
0.1	0.00028	0.00022836358838359872	3.1548271501981186e-05	0.0004158075845296056	1.1676558566954616	
0.1	0.00032	0.00022970807173704688	3.170698383028408e-05	0.00041724008792761645	1.1751635872263562	
0.1	0.00036	0.00023106622317447815	3.18669543915061e-05	0.0004186808506939544	1.1827497905303614	
0.1	0.0004	0.00023243824743290943	3.202819705853297e-05	0.00042012994702246407	1.1904156351829724	
0.1	0.00044	0.00023382435333364412	3.219072590276846e-05	0.00042158745210919374	1.198162312642307	
0.1	0.00048	0.00023522475388387587	3.2354555197663724e-05	0.0004230534421716947	1.2059910378069811	
0.1	0.00052	0.00023663966638131322	3.251969942232274e-05	0.0004245279944688101	1.2139030495903	
0.1	0.00056	0.00023806931252192567	3.26861732651851e-05	0.0004260111873209743	1.221899611511269	
0.1	0.0006	0.00023951391851092098	3.2853991627788446e-05	0.00042750310013103273	1.2299820123030387	
0.1	0.00064	0.00024097371517706865	3.302316962861242e-05	0.00042900381340560823	1.2381515665393623	
0.1	0.00068	0.0002424489380904828	3.319372260700644e-05	0.0004305134087770196	1.246409615279708	
0.1	0.00072	0.00024393982768398625	3.336566612720311e-05	0.0004320319690257823	1.2547575267336255	
0.1	0.00076	0.0002454466293781849	3.353901598241984e-05	0.0004335595781036986	1.2631966969451058	
0.1	0.0008	0.0002469695937103836	3.3713788199050774e-05	0.0004350963211575672	1.2717285504975668	
0.1	0.00084	0.00024850897646747474	3.388999904095126e-05	0.0004366422845535257	1.2803545412402415	
0.1	0.00088	0.00025006503882295196	3.406766501381762e-05	0.0004381975559020479	1.2890761530366777	
0.1	0.00092	0.0002516380474781843	3.424680286966436e-05	0.0004397622240836195	1.2978949005361864	
0.1	0.00096	0.00025322827480811987	3.442742961140154e-05	0.0004413363792751153	1.3068123299690053	
0.1	0.001	0.0002548359990115624	3.460956249751519e-05	0.0004429201129768984	1.315830019966059	
0.1	0.00104	0.00025646150426620516	3.479321904685288e-05	0.00044451351804066717	1.3249495824041915	
0.1	0.00108	0.00025810508088858317	3.497841704351813e-05	0.00044611668869808053	1.3341726632777995	
0.1	0.00112	0.0002597670254991303	3.5165174541875534e-05	0.0004477297205901752	1.343500943597805	
0.1	0.00116	0.00026144764119253043	3.53535098716707e-05	0.0004493527107976195	1.3529361403189923	
0.1	0.0012	0.00026314723771355726	3.554344164326707e-05	0.0004509857578718166	1.362480007296734	
0.1	0.00124	0.00026486613163861146	3.573498875300364e-05	0.0004526289618669004	1.3721343362741931	
0.1	0.00128	0.0002666046465631625	3.592817038867618e-05	0.0004542824243726406	1.381900957901141	
0.1	0.00132	0.00026836311329532644	3.612300603514587e-05	0.0004559462485483048	1.3917817427855428	
0.1	0.00136	0.0002701418700558048	3.631951548007854e-05	0.00045762053915749924	1.4017786025791743	
0.1	0.0014	0.0002719412626844313	3.6517718819818335e-05	0.00045930540260403027	1.4118934910985188	
0.1	0.00144	0.0002737616448535775	3.671763646539918e-05	0.0004610009469688183	1.4221284054822947	
0.1	0.00148	0.00027560337828868263	3.6919289148698295e-05	0.00046270728204790454	1.432485387387002	
0.1	0.00152	0.00027746683299618145	3.712269792873583e-05	0.0004644245193915939	1.442966524221944	
0.1	0.00156	0.00027935238749912054	3.7327884198123603e-05	0.00046615277234476465	1.4535739504252314	
0.1	0.0016	0.0002812604290807582	3.753486968966911e-05	0.0004678921560884018	1.4643098487823614	
0.1	0.00164	0.0002831913540364698	3.7743676483137154e-05	0.00046964278768238583	1.475176451789018	
0.1	0.00168	0.0002851455679342758	3.7954327012175344e-05	0.0004714047861095955	1.4861760430598174	
0.1	0.00172	0.00028712348588434466	3.816684407140654e-05	0.0004731782723213636	1.497310958784805	
0.1	0.00176	0.0002891255328178233	3.8381250823694616e-05	0.000474963369284343	1.5085835892355877	
0.1	0.0018	0.0002911521437753661	3.859757080758735e-05	0.0004767602020288336	1.5199963803230523	
0.1	0.00184	0.0002932037642057644	3.8815827944942044e-05	0.0004785688976986283	1.5315518352087512	
0.1	0.00188	0.0002952808502750697	3.903604654873919e-05	0.0004803895856024301	1.5432525159720696	
0.1	0.00192	0.00029738386918665437	3.92582513310902e-05	0.00048222239726691005	1.5551010453354828	
0.1	0.00196	0.0002995132995126446	3.948246741144344e-05	0.00048406746649146164	1.5671001084501626	
0.1	0.002	0.0003016696315372014	3.970872032499622e-05	0.00048592492940471984	1.5792524547444704	
0.1	0.00204	0.00030385336761213586	3.9937036031317775e-05	0.00048779492452291867	1.5915608998378814	
0.1	0.00208	0.0003060650225253772	4.016744092318974e-05	0.0004896775928101514	1.604028327523015	
0.1	0.00212	0.00030830512388282043	4.039996183567079e-05	0.0004915730777406184	1.6166576918186317	
0.1	0.00216	0.00031057421250413244	4.0634626055392136e-05	0.0004934815253629333	1.6294520190964845	
0.1	0.0022	0.00031287284283309066	4.0871461330090945e-05	0.0004954030843665763	1.6424144102851874	
0.1	0.00224	0.00031520158336308064	4.1110495878388716e-05	0.000497337906150579	1.6555480431542908	
0.1	0.00228	0.0003175610170784036	4.1351758399822764e-05	0.0004992861448945339	1.6688561746819774	
0.1	0.00232	0.00031995174191206375	4.159527808513723e-05	0.0005012479576320163	1.6823421435099273	
0.1	0.00236	0.0003223743712207581	4.184108462684372e-05	0.0005032235043265328	1.696009372489088	
0.1	0.0024	0.00032482953427780787	4.208920823005749e-05	0.0005052129479500846	1.7098613713202444	
0.1	0.00244	0.00032731787678482485	4.233967962362026e-05	0.000507216454564466	1.723901739293543	
0.1	0.00248	0.0003298400614029284	4.25925300715169e-05	0.0005092341934054092	1.7381341681311835	
0.1	0.00252	0.00033239676830438094	4.2847791384596016e-05	0.0005112663369696963	1.7525624449379076	
0.1	0.00256	0.00033498869574555366	4.310549593260373e-05	0.0005133130611053652	1.767190455263925	
0.1	0.0026	0.00033761656066216817	4.3365676656541416e-05	0.0005153745451051397	1.7820221862853411	
0.1	0.00264	0.00034028109928782547	4.362836708135667e-05	0.0005174509718032286	1.7970617301072491	
0.1	0.00268	0.0003429830677968681	4.389360132897957e-05	0.0005195425276756324	1.812313287195058	
0.1	0.00272	0.0003457232429726891	4.416141413171377e-05	0.0005216494029441176	1.8277811699397688	
0.1	0.00276	0.00034850242290265023	4.443184084599609e-05	0.000523771791684018	1.8434698063633133	
0.1	0.0028	0.00035132142770083355	4.470491746653485e-05	0.000525909891936027	1.8593837439703327	
0.1	0.00284	0.0003541811002599184	4.4980680640840374e-05	0.0005280639058221698	1.8755276537531196	
0.1	0.00288	0.0003570823070335405	4.5259167684160605e-05	0.0005302340396661345	1.8919063343567992	
0.1	0.00292	0.00036002593885056276	4.5540416594835425e-05	0.0005324205041181592	1.9085247164121735	
0.1	0.00296	0.0003630129117627621	4.5824466070083135e-05	0.000534623514284688	1.925387867044111	
0.1	0.003	0.00036604416792751726	4.611135552223454e-05	0.0005368432898630114	1.942500994563676	
0.1	0.00304	0.0003691206765271747	4.6401125095429375e-05	0.0005390800552811175	1.9598694533527576	
0.1	0.00308	0.0003722434347268457	4.6693815682790756e-05	0.0005413340398430015	1.9774987489503109	
0.1	0.00312	0.00037541346867250164	4.698946894409485e-05	0.000543605477879688	1.9953945433499074	
0.1	0.00316	0.00037863183453131877	4.728812732395124e-05	0.0005458946089062244	2.0135626605187715	
0.1	0.0032	0.0003818996195763535	4.758983407051415e-05	0.0005482016777849524	2.0320090921490452	
0.1	0.00324	0.0003852179433177129	4.789463325474104e-05	0.0005505269348953262	2.0507400036526424	
0.1	0.00328	0.0003885879586825447	4.820256979021855e-05	0.0005528706363106186	2.069761740411643	
0.1	0.00332	0.00039201085324627066	4.85136894535766e-05	0.0005552330439818321	2.0890808342968894	
0.1	0.00336	0.00039548785051763855	4.882803890551008e-05	0.0005576144259291747	2.108704010468132	
0.1	0.0034	0.00039902021128031316	4.914566571243218e-05	0.0005600150564414676	2.1286381944698345	
0.1	0.00344	0.0004026092349938824	4.946661836877913e-05	0.000562435216283875	2.1488905196375554	
0.1	0.00348	0.00040625626125731984	4.979094631999309e-05	0.0005648751929143779	2.169468334830686	
0.1	0.00352	0.00040996267133811806	5.011869998620646e-05	0.0005673352807094207	2.190379212508218	
0.1	0.00356	0.00041372988977050824	5.0449930786653046e-05	0.0005698157811992041	2.211630957165213	
0.1	0.0036	0.00041755938602636795	5.0784691164833706e-05	0.0005723170033131028	2.233231614148649	
0.1	0.00364	0.0004214526762626296	5.112303461446515e-05	0.000574839263635738	2.2551894788724374	
0.1	0.00368	0.00042541132514926103	5.146501570624026e-05	0.0005773828866742494	2.2775131064526115	
0.1	0.00372	0.0004294369477820839	5.1810690115430914e-05	0.0005799482051373466	2.300211321784813	
0.1	0.00376	0.0004335312116850068	5.216011465036559e-05	0.0005825355602267621	2.3232932300877853	
0.1	0.0038	0.00043769583890647824	5.251334728181549e-05	0.0005851453019417594	2.346768227937705	
0.1	0.00384	0.0004419326082153066	5.287044717332367e-05	0.0005877777893973821	2.3706460148199575	
0.1	0.00388	0.00044624335740127603	5.323147471251434e-05	0.0005904333911571926	2.3949366052264733	
0.1	0.00392	0.0004506299856863373	5.359649154342046e-05	0.0005931124855812739	2.4196503413284836	
0.1	0.00396	0.0004550944562525282	5.3965560599869724e-05	0.0005958154611903236	2.444797906256479	
0.1	0.004	0.0004596387988931315	5.4338746139971545e-05	0.0005985427170467276	2.470390338021047	
0.1	0.00404	0.0004642651127940442	5.471611378174822e-05	0.0006012946631535453	2.496439044110543	
0.1	0.00408	0.0004689755694527102	5.5097730539956956e-05	0.0006040717208724042	2.522955816803636	
0.1	0.00412	0.0004737724157425137	5.5483664864151145e-05	0.0006068743233613666	2.549952849237441	
0.1	0.00416	0.0004786579771309844	5.5873986678031215e-05	0.0006097029160338915	2.577442752274373	
0.1	0.0042	0.000483634661060749	5.626876742013891e-05	0.0006125579570400979	2.605438572213808	
0.1	0.00424	0.0004887049605027297	5.6668080085950194e-05	0.0006154399177716039	2.6339538093975863	
0.1	0.00428	0.0004938714576917382	5.7071999271425185e-05	0.0006183492833913109	2.663002437761649	
0.1	0.00432	0.0004991368280552724	5.748060121807756e-05	0.0006212865533895845	2.692598925389606	
0.1	0.00436	0.0005045038443470732	5.7893963859627274e-05	0.0006242522421683783	2.722758256127726	
0.1	0.0044	0.0005099753809977621	5.83121668703051e-05	0.0006272468796549664	2.7534959523249123	
0.1	0.00444	0.0005155544186957355	5.873529171487921e-05	0.0006302710119470466	2.7848280987655114	
0.1	0.00448	0.0005212440492123949	5.916342170048106e-05	0.0006333252019910995	2.8167713678675024	
0.1	0.00452	0.0005270474804867702	5.959664203030684e-05	0.0006364100302960279	2.8493430462235807	
0.1	0.00456	0.0005329680419856528	6.0035039859281454e-05	0.0006395260956842409	2.882561062568131	
0.1	0.0046	0.0005390091903564727	6.0478704351767665e-05	0.0006426740160824758	2.916444017258817	
0.1	0.00464	0.0005451745153914122	6.09277267414181e-05	0.0006458544293548526	2.951011213367906	
0.1	0.00468	0.0005514677463225327	6.138220039326415e-05	0.0006490679941807932	2.986282689485135	
0.1	0.00472	0.0005578927584691626	6.184222086814491e-05	0.0006523153909806581	3.0222792543413752	
0.1	0.00476	0.000564453580260301	6.230788598958614e-05	0.000655597322892136	3.059022523370132	
0.1	0.0048	0.0005711544006565016	6.277929591324199e-05	0.000658914516800664	3.0965349573326653	
0.1	0.00484	0.0005779995769974749	6.325655319902117e-05	0.0006622677244273781	3.1348399031416045	
0.1	0.00488	0.000584993643303635	6.373976288602653e-05	0.0006656577234783678	3.1739616370280883	
0.1	0.00492	0.0005921413190619305	6.422903257044043e-05	0.0006690853188592808	3.2139254102084145	
0.1	0.00496	0.0005994475185285945	6.472447248650187e-05	0.0006725513439596457	3.2547574972177316	
0.1	0.005	0.0006069173605839625	6.522619559072576e-05	0.0006760566620115848	3.296485247091376	
0.1	0.00504	0.0006145561791772141	6.573431764952411e-05	0.0006796021675279817	3.339137137588232	
0.1	0.00508	0.0006223695344018362	6.624895733040007e-05	0.0006831887878255326	3.382742832665567	
0.1	0.00512	0.0006303632242458338	6.677023629689531e-05	0.0006868174846385538	3.427333243431256	
0.1	0.00516	0.0006385432970641636	6.72982793074821e-05	0.0006904892558298776	3.4729405928172428	
0.1	0.0052	0.0006469160648247237	6.783321431860194e-05	0.0006942051372056522	3.5195984842372905	
0.1	0.00524	0.0006554881171833045	6.837517259207053e-05	0.0006979662044414543	3.567341974513615	
0.1	0.00528	0.0006642663364474856	6.892428880707428e-05	0.0007017735751276713	3.616207651379755	
0.1	0.00532	0.0006732579134943321	6.948070117700585e-05	0.0007056284109427983	3.666233715892467	
0.1	0.00536	0.0006824703647121792	7.0044551571399e-05	0.0007095319199640017	3.7174600701128635	
0.1	0.0054	0.0006919115500426364	7.06159856432381e-05	0.0007134853591250616	3.7699284104471724	
0.1	0.00544	0.0007015896922053915	7.11951529619409e-05	0.0007174900368326938	3.8236823270702556	
0.1	0.00548	0.000711513397195445	7.178220715232786e-05	0.0007215473157531427	3.8787674098913407	
0.1	0.00552	0.0007216916761501222	7.237730603991699e-05	0.0007256586157820038	3.935231361560436	
0.1	0.00556	0.0007321339686916614	7.298061180290331e-05	0.0007298254172113153	3.993124118057773	
0.1	0.0056	0.0007428501678604937	7.359229113120967e-05	0.0007340492641092156	4.05249797745549	
0.1	0.00564	0.0007538506467645151	7.421251539302054e-05	0.0007383317679288133	4.113407737493469	
0.1	0.00568	0.0007651462870808932	7.484146080924167e-05	0.0007426746113643824	4.175910842668289	
0.1	0.00572	0.000776748509559274	7.547930863635967e-05	0.0007470795524746588	4.240067541597412	
0.1	0.00576	0.0007886693066889157	7.612624535821092e-05	0.0007515484290947921	4.305941055490498	
0.1	0.0058	0.0008009212777072027	7.678246288720579e-05	0.0007560831635605086	4.373597758635942	
0.1	0.00584	0.0008135176661436287	7.744815877559771e-05	0.0007606857677702264	4.443107371895838	
0.1	0.00588	0.000826472400111572	7.812353643742933e-05	0.0007653583486132794	4.514543170295532	
0.1	0.00592	0.0008398001355804461	7.880880538183721e-05	0.0007701031137950975	4.587982205897596	
0.1	0.00596	0.0008535163028832019	7.950418145845261e-05	0.0007749223780931422	4.663505547264261	
0.1	0.006	0.000867637156738948	8.020988711569116e-05	0.0007798185700806828	4.741198536939166	
0.1	0.00604	0.0008821798300980251	8.092615167278972e-05	0.0007847942393591403	4.821151068519642	
0.1	0.00608	0.0008971623921474102	8.165321160652168e-05	0.0007898520643437732	4.903457885047129	
0.1	0.00612	0.0009126039108483217	8.239131085359364e-05	0.0007949948606519792	4.9882189006167135	
0.1	0.00616	0.0009285245204157567	8.314070112981726e-05	0.0008002255901484651	5.07553954729979	
0.1	0.0062	0.000944945494191804	8.390164226723982e-05	0.0008055473707071576	5.165531149689268	
0.1	0.00624	0.0009618893234116509	8.46744025705224e-05	0.0008109634867558996	5.258311329616577	
0.1	0.00628	0.0009793798024137195	8.545925919396604e-05	0.0008164774006769601	5.354004443858093	
0.1	0.00632	0.0009974421209041208	8.625649854071503e-05	0.0008220927651441258	5.452742057948138	
0.1	0.00636	0.0010161029639514324	8.706641668580478e-05	0.0008278134364858747	5.554663459551832	
0.1	0.0064	0.00103539062046156	8.788931982487379e-05	0.000833643489173839	5.659916215227099	
0.1	0.00644	0.0010553351009652818	8.872552475053553e-05	0.0008395872315467671	5.768656774828081	
0.1	0.00648	0.0010759682656441988	8.957535935859356e-05	0.0008456492228924526	5.881051128277074	
0.1	0.00652	0.0010973239636256583	9.043916318649725e-05	0.0008518342920239975	5.997275519967061	
0.1	0.00656	0.00111943818469542	9.13172879866711e-05	0.0008581475575023702	6.117517226659697	
0.1	0.0066	0.0011423492247102437	9.221009833762029e-05	0.0008645944496748613	6.241975405424592	
0.1	0.00664	0.001166097866143616	9.311797229600639e-05	0.0008711807347190044	6.370862018934986	
0.1	0.00668	0.0011907275753685216	9.404130209322498e-05	0.000877912540904073	6.504402846307089	
0.1	0.00672	0.0012162847184752333	9.498049488038941e-05	0.0008847963873079104	6.642838588658261	
0.1	0.00676	0.001242818797642138	9.593597352604627e-05	0.0008918392152559332	6.786426079682643	
0.1	0.0068	0.0012703827103282984	9.690817747142434e-05	0.0008990484227822562	6.935439612820698	
0.1	0.00684	0.0012990330338420962	9.789756364855735e-05	0.0009064319024506317	7.090172398055189	
0.1	0.00688	0.0013288303381664211	9.89046074672248e-05	0.0009139980829159788	7.25093816302982	
0.1	0.00692	0.0013598395302940125	9.992980387735226e-05	0.0009217559746565719	7.41807291508832	
0.1	0.00696	0.0013921302337540872	0.00010097366851429036	0.0009297152203634296	7.591936883011902	
0.1	0.007	0.0014257772075023099	0.00010203673893529422	0.0009378861505382975	7.772916659735658	
0.1	0.00704	0.0014608608089107726	0.00010311957595653535	0.0009462798449262049	7.961427570202721	
0.1	0.00708	0.0014974675062456658	0.00010422276510116113	0.0009549082004945292	8.157916291833342	
0.1	0.00712	0.001535690446771938	0.00010534691817024424	0.0009637840067698339	8.362863758917971	
0.1	0.00716	0.0015756300874944262	0.00010649267495001623	0.000972921029458609	8.576788386678379	
0.1	0.0072	0.001617394896554174	0.00010766070507055216	0.000982334103411395	8.800249655884976	
0.1	0.00724	0.0016611021344718508	0.00010885171003312667	0.0009920392361446597	9.03385210489868	
0.1	0.00728	0.0017068787257972827	0.00011006642542584378	0.0010020537233153919	9.278249782972543	
0.1	0.00732	0.0017548622333207265	0.00011130562334990299	0.0010123962777541487	9.534151226786328	
0.1	0.00736	0.0018052019488707261	0.00011257011508208358	0.001023087173909265	9.802325031713337	
0.1	0.0074	0.0018580601169176437	0.00011386075400278711	0.001034148409844519	10.083606100500436	
0.1	0.00744	0.0019136133097837084	0.00011517843882338015	0.0010456038892736276	10.378902665200819	
0.1	0.00748	0.0019720539763071524	0.0001165241171517449	0.001057479626517165	10.689204193723626	
0.1	0.00752	0.0020335921894128295	0.0001178987894410436	0.0010698039777435227	11.015590310735124	
0.1	0.00756	0.0020984576223191326	0.00011930351337389203	0.0010826079024203164	11.359240884443015	
0.1	0.0076	0.002166901788202138	0.00012073940874267515	0.0010959252595749132	11.721447456737792	
0.1	0.00764	0.002239200584215301	0.00012220766289688592	0.0011097931442651263	12.103626225133148	
0.1	0.00768	0.002315657188041713	0.00012370953684048423	0.0011242522706222354	12.507332822035941	
0.1	0.00772	0.002396605363901353	0.00012524637207677664	0.001139347408983123	12.93427918143776	
0.1	0.00776	0.00248241324548018	0.00012681959831576208	0.0011551278860205132	13.386352836847049	
0.1	0.0078	0.002573487676005648	0.0001284307421799294	0.0011716481584647437	13.865639059285456	
0.1	0.00784	0.0026702792011868226	0.0001300814370699725	0.0011889684730559645	14.37444632311378	
0.1	0.00788	0.0027732878296243654	0.00013177343438289132	0.0012071556278593683	14.91533568368624	
0.1	0.00792	0.002883069698412262	0.00013350861631278922	0.0012262838531278957	15.491154768610992	
0.1	0.00796	0.0030002448100627513	0.00013528901051108782	0.0012464358336476168	16.105077229143546	
0.1	0.008	0.00312550604195215	0.00013711680694007314	0.001267703899130477	16.760648676899546	
0.1	0.00804	0.0032596296729617436	0.0001389943773244449	0.001290191414958805	17.4618403525833	
0.1	0.00808	0.003403487726145103	0.00014092429769356013	0.0013140144127358221	18.213112049352855	
0.1	0.00812	0.0035580624940464633	0.00014290937461706917	0.0013393035090461997	19.019486158837054	
0.1	0.00816	0.0037244636985907203	0.00014495267587486256	0.0013662061720912699	19.886635142387984	
0.1	0.0082	0.0039039488453601143	0.0001470575664768872	0.001394889410107182	20.820985279848664	
0.1	0.00824	0.004097947469317468	0.0001492277511702732	0.001425542973592691	21.829840247345583	
0.1	0.00828	0.004308090144643716	0.0001514673248548531	0.0014583831865558753	22.921528970286772	
0.1	0.00832	0.004536243357438102	0.00015378083269297673	0.0014936575518347806	24.105583349562234	
0.1	0.00836	0.004784551632978947	0.00015617334217190096	0.0015316503142198752	25.392952951425574	
0.1	0.0084	0.005055488691428627	0.0001586505299928343	0.0015726892155593572	26.796265698647836	
0.1	0.00844	0.005351919908056205	0.00016121878746941292	0.0016171537423229723	28.330146159010297	
0.1	0.00848	0.005677179018924076	0.00016388534918843642	0.0016654852538704667	30.011606414497273	
0.1	0.00852	0.006035162900289631	0.00016665845111307748	0.0017181994968040889	31.86052901502752	
0.1	0.00856	0.006430449444141107	0.00016954752622900222	0.0017759021684266298	33.90026760439781	
0.1	0.0086	0.006868445173849188	0.00017256344844038856	0.0018393084063881172	36.158399067333434	
0.1	0.00864	0.007355571466763595	0.00017571883899482422	0.001909267375040589	38.66767237106551	
0.1	0.00868	0.007899501328446175	0.0001790284546607426	0.0019867935253256785	41.4672149553153	
0.1	0.00872	0.008509462970770924	0.00018250968379974184	0.0020731066736520117	44.60407946971524	
0.1	0.00876	0.009196632543658071	0.00018618318626809554	0.002169683850145658	48.13524472211861	
0.1	0.0088	0.009974647107107684	0.00019007372711015021	0.0022783270199993634	52.13022921211008	
0.1	0.00884	0.010860281612655297	0.00019421127436734743	0.0024012524558329157	56.67454023582063	
0.1	0.00888	0.011874352331211188	0.00019863246129390164	0.0025412100032795788	61.87427665291731	
0.1	0.00892	0.01304293705566982	0.0002033825580403842	0.0027016441638993693	67.86234550164097	
0.1	0.00896	0.014399044753323367	0.00020851816583534587	0.0028869145096036522	74.80696838593983	
0.1	0.009	0.015984932757456882	0.0002141109516838108	0.0031026015779676347	82.92348681698019	
0.1	0.00904	0.017855372535621142	0.00022025290682481561	0.003355937987736915	92.49100016806925	
0.1	0.00908	0.020082330380512606	0.0002270638774891273	0.0036564263357879443	103.87621207789061	
0.1	0.00912	0.022761800635308204	0.00023470255183608273	0.004016741245927722	117.56824312085541	
0.1	0.00916	0.026023984741645564	0.00024338281822377072	0.00445407309258046	134.23048903942407	
0.1	0.0092	0.030048794345661663	0.00025339866964606077	0.004992174541254533	154.7796028034362	
0.1	0.00924	0.03509004564827199	0.0002651630581337603	0.005664554399442858	180.5087548711114	
0.1	0.00928	0.04151424040902009	0.0002792701601437357	0.006519597015704351	213.28520624085866	
0.1	0.00932	0.04986456618586886	0.00029659811602495117	0.007629010806393789	255.87636275126368	
0.1	0.00936	0.06096987513014236	0.0003184839529155644	0.009102214285907542	312.5049759024959	
0.1	0.0094	0.07613638528484853	0.00034703126148329	0.011111642079561317	389.8257794554943	
0.1	0.00944	0.09749552945508061	0.0003856684565982566	0.013938663568337555	498.6976310936164	
0.1	0.00948	0.12864944249847485	0.0004401846812989342	0.018058791997706953	657.4719944273461	
0.1	0.00952	0.17586079207209926	0.000520639256952047	0.02429875092858241	898.0546178538939	
0.1	0.00956	0.25002190716950967	0.0006445217255614125	0.03409641372976169	1275.9374019859074	
0.1	0.0096	0.3682454243987948	0.0008393045267939835	0.04971078064459514	1878.3020621326796	
0.1	0.00964	0.5446351183728322	0.0011276324831257494	0.073003660712423	2777.001462588504	
0.1	0.00968	0.7338996423123593	0.0014368365146801678	0.09799627152542673	3741.2957739572985	
0.1	0.00972	0.771710547086383	0.001503222715844765	0.10299605985136466	3934.0021234894557	
0.1	0.00976	0.6112910889602027	0.0012517405696508151	0.08182816197193232	3116.8132506420616	
0.1	0.0098	0.41979983010785193	0.0009506555613830161	0.056558747007234636	2141.330675911053	
0.1	0.00984	0.28304914784569335	0.0007376935963203455	0.038515691771165775	1444.7319635330855	
0.1	0.00988	0.19661339348658688	0.0006057719022279756	0.027114792737681102	1004.470600277823	
0.1	0.00992	0.14208009499259386	0.000525364049540734	0.019925485171514254	726.7432191844377	
0.1	0.00996	0.1065518278134642	0.0004757959779914312	0.015245233779539638	545.8432810438583	
0.1	0.01	0.08250043104064295	0.0004450122969178117	0.012080288776863714	423.4183694136982	
0.1	0.01004	0.06561771533574015	0.00042612747323430764	0.0098619643245669	337.5204689909501	
0.1	0.01008	0.053381461454169436	0.00041512493102656493	0.008257340809229954	275.3003427890979	
0.1	0.01012	0.04426395003554441	0.00040958730891145175	0.007064786280264438	228.9753302036028	
0.1	0.01016	0.03730662227789143	0.0004080143278752339	0.006157810280402844	193.66242393471228	
0.1	0.0102	0.031887748189458914	0.00040945045892897805	0.005454396687935801	166.19463597894742	
0.1	0.01024	0.027591740136897802	0.0004132757888543855	0.004899755321342058	144.4551999460633	
0.1	0.01028	0.02413321781884678	0.00041908484605856003	0.004456302330619221	126.99070389761104	
0.1	0.01032	0.021311460088879693	0.00042661430589151217	0.004097653614483889	112.77902411168516	
0.1	0.01036	0.01898225752314727	0.00043569875844097586	0.00380491783476182	101.08589716210898	
0.1	0.0104	0.017040037071023136	0.0004462431264030946	0.0035643492966555513	91.37380646999694	
0.1	0.01044	0.015406227576171045	0.00045820529704757615	0.003365830634046313	83.24263564315892	
0.1	0.01048	0.014021521517881518	0.0004715852455906899	0.0032018792138832084	76.39012633098868	
0.1	0.01052	0.012840634442973512	0.0004864184532094854	0.003066998405176556	70.58498625802692	
0.1	0.01056	0.011828711054905981	0.0005027723093750761	0.002957271332401773	65.64826042313449	
0.1	0.0106	0.010958855743695085	0.000520744722166517	0.002870145912251932	61.44021289677214	
0.1	0.01064	0.010210474722937365	0.0005404644967590456	0.0028044024134970405	57.85095559019992	
0.1	0.01068	0.009568266960254786	0.0005620932680462866	0.002760343497591849	54.79367243528071	
0.1	0.01072	0.009021836417946275	0.0005858289390869673	0.0027403219364699437	52.19967441963366	
0.1	0.01076	0.008566063530028069	0.0006119107145715508	0.0027498554148643866	50.0147707424005	
0.1	0.0108	0.008202611466869377	0.0006406259499571786	0.0027998073598961	48.196606031274115	
0.1	0.01084	0.007943158353938686	0.0006723191793112097	0.002910328398233228	46.71272460062208	
0.1	0.01088	0.007813923803548518	0.0007074038457708864	0.0031161180471317128	45.53919952965597	
0.1	0.01092	0.007851149004456034	0.0007463773956794969	0.0034616966990450864	44.659718359821966	
0.1	0.01096	0.008032880499350172	0.0007898403288106363	0.003926810985039925	44.065053319343875	
0.1	0.011	0.008090843273472863	0.0008385201939214182	0.004220375788898655	43.75287852070181	
0.1	0.01104	0.007702810968424961	0.0008933066656739843	0.003991374565731956	43.7280039020859	
0.1	0.01108	0.007107699152570087	0.0009553009223139924	0.0035029978707087606	44.00306755523582	
0.1	0.01112	0.006624099272327194	0.001025870972970134	0.003104982793465645	44.599557425850094	
0.1	0.01116	0.006301847229301242	0.0011067289734355613	0.002851705657116746	45.54945835418802	
0.1	0.0112	0.006103387512058019	0.001200042541787218	0.002700843463989535	46.89778382652973	
0.1	0.01124	0.00599604239558266	0.0013085880875959998	0.002614323444831074	48.70622800893996	
0.1	0.01128	0.0059623008847137764	0.0014359661255949306	0.002569331757034042	51.05843394337836	
0.1	0.01132	0.005995700273546352	0.0015869100068103994	0.0025533948704230354	54.06766198734513	
0.1	0.01136	0.006097480810924049	0.0017677370846533266	0.0025601027909648573	57.88809364407663	
0.1	0.0114	0.006275263870940856	0.001987021514383	0.0025867338864459808	62.73177306053894	
0.1	0.01144	0.006543328235742643	0.0022566201216354734	0.0026331307632139847	68.89451340503136	
0.1	0.01148	0.006924326680904865	0.002593275357208122	0.0027013394001993932	76.79644236135604	
0.1	0.01152	0.00745276000017961	0.003021188107621052	0.0027958065436125184	87.04713822264758	
0.1	0.01156	0.008181132526900822	0.0035762697578741506	0.0029241496121852374	100.55333276649601	
0.1	0.0116	0.009190697697326113	0.004313393682042961	0.003098732248288975	118.70263637275828	
0.1	0.01164	0.010610543995927821	0.005319170878139016	0.003339601082786583	143.68726769227112	
0.1	0.01168	0.012652373700327573	0.006735163215130317	0.003679923506107339	179.09230829654584	
0.1	0.01172	0.015675144958075964	0.008800985202590296	0.004176149670929573	230.98799487755335	
0.1	0.01176	0.020304051543849455	0.011933608288490107	0.004926750964099773	309.9394924464649	
0.1	0.0118	0.027625264642755047	0.016857147374969746	0.006102908883700407	434.2960366449091	
0.1	0.01184	0.03932712643329612	0.024696959972072295	0.007970766015055444	632.5756576282406	
0.1	0.01188	0.056685752497994374	0.03630366701212054	0.010731497864948796	926.3338883180056	
0.1	0.01192	0.07477655972599898	0.04839576963113918	0.01360874162846587	1232.4064718588963	
0.1	0.01196	0.0773569823507455	0.05014953884055061	0.014041840761067714	1276.4872626256183	
0.1	0.012	0.06117942054297784	0.0394009597612976	0.011518841112007197	1003.7324568511979	
0.1	0.01204	0.04270026045314624	0.027116567706799453	0.008634183868163859	692.0645291268307	
0.1	0.01208	0.02964645174024126	0.01844566047018297	0.006606104045342089	471.9803398463996	
0.1	0.01212	0.021404234955112116	0.012979344509920466	0.005337914261823374	333.1161049919275	
0.1	0.01216	0.01619383887902963	0.009531693183096802	0.004549114210387983	245.41579762045077	
0.1	0.0122	0.012790235356724269	0.007286444038078842	0.004046672622638222	188.19177113702816	
0.1	0.01224	0.01048048553982895	0.005768575456571533	0.0037183037215381297	149.4044180310166	
0.1	0.01228	0.00885637726840835	0.004706122500376479	0.0034997772230816117	122.16017165078111	
0.1	0.01232	0.007678574150337085	0.003939647336768473	0.003353502675496316	102.41721281381726	
0.1	0.01236	0.006801879602227678	0.0033724359493563748	0.0032567490989768516	87.7232979901054	
0.1	0.0124	0.006135066708684286	0.0029437290068159336	0.0031953144371893788	76.53733899560775	
0.1	0.01244	0.005618910050261499	0.002614082145682937	0.0031600650870753375	67.85837608391986	
0.1	0.01248	0.005213810719725627	0.0023571188255843973	0.0031449884008844715	61.016555903961844	
0.1	0.01252	0.0048925958506343525	0.0021547311538678104	0.0031460616606171386	55.55148915307204	
0.1	0.01256	0.004636194524110938	0.0019941971740321455	0.003160575365865666	51.13917466291191	
0.1	0.0126	0.004430963525615099	0.001866397204520441	0.0031867176580596198	47.54677371959456	
0.1	0.01264	0.004266988705644637	0.0017646798289897249	0.0032233138250545223	44.60384484331297	
0.1	0.01268	0.004136980124460723	0.0016841229814984675	0.0032696609996978026	42.18358695032017	
0.1	0.01272	0.004035538559705419	0.0016210417552074466	0.0033254233849095267	40.19032963503536	
0.1	0.01276	0.003958660392520874	0.0015726541140099947	0.003390567556119219	38.551018204617385	
0.1	0.0128	0.0039033994990162863	0.0015368500137450257	0.003465325686932554	37.20931065781261	
0.1	0.01284	0.003867635384420806	0.0015120297483958807	0.003550179583636046	36.12141795813096	
0.1	0.01288	0.003849915462756149	0.00149698965184072	0.003645861648501207	35.25313034602312	
0.1	0.01292	0.003849351118349697	0.0014908409336583516	0.003753371143438979	34.577665292070975	
0.1	0.01296	0.0038655548461852427	0.001492952292534733	0.0038740058925977316	34.0740946606444	
0.1	0.013	0.003898611046420821	0.0015029101280835018	0.0040094111820946025	33.72618732658672	
0.1	0.01304	0.003949076997270131	0.001520492315524442	0.00416164935962863	33.52155520725097	
0.1	0.01308	0.004018013865667025	0.0015456530218118576	0.004333295781805281	33.45102532125316	
0.1	0.01312	0.0041070509010561855	0.0015785171890911917	0.00452756964413094	33.50818416376084	
0.1	0.01316	0.0042184897428038165	0.001619384277854825	0.00474851234265861	33.68905723971678	
0.1	0.0132	0.004355460718512626	0.0016687418005572716	0.005001232100881752	33.99189849810553	
0.1	0.01324	0.004522150060185817	0.0017272902409388707	0.00529224284395543	34.41707330321422	
0.1	0.01328	0.0047241275933039215	0.0017959823380769243	0.005629939689113569	34.967025593353476	
0.1	0.01332	0.004968821110059505	0.0018760817020363255	0.006025276297809704	35.64632584173602	
0.1	0.01336	0.00526621054534508	0.0019692487840856547	0.006492746530747672	36.46180201655987	
0.1	0.0134	0.0056298597360050304	0.0020776671521606557	0.00705183475299531	37.42276155849339	
0.1	0.01344	0.006078479667659558	0.0022042312703710837	0.0077292047583248525	38.541319135221414	
0.1	0.01348	0.0066383504363180055	0.0023528312507934915	0.008562082317695327	39.83285347195522	
0.1	0.01352	0.007347169340609407	0.0025287955256154747	0.009603619698157956	41.31662817481506	
0.1	0.01356	0.008260337979023522	0.0027395993277955924	0.010931648634041172	43.0166282088477	
0.1	0.0136	0.00946155136701901	0.002996035995065616	0.01266340773224805	44.96268906446675	
0.1	0.01364	0.011081215889509957	0.0033142218701991788	0.01498113835590604	47.19203592122037	
0.1	0.01368	0.013329525761621143	0.0037191495510905284	0.01817802438694844	49.75141678131581	
0.1	0.01372	0.01655747335594292	0.0042511744253663445	0.022742891901994557	52.70012656467112	
0.1	0.01376	0.021370227936998446	0.004977979789500886	0.029517567041216546	56.11440260264607	
0.1	0.0138	0.028826273008757737	0.0060155088421212175	0.039973248932090685	60.093875935920266	
0.1	0.01384	0.0406868317466908	0.0075543002796304385	0.05655698857452267	64.7703012716656	
0.1	0.01388	0.059075591348806425	0.009825445644613715	0.08222209127423118	70.31339383480999	
0.1	0.01392	0.08239249632952377	0.012680506185838578	0.11476761906695229	76.90533163200018	
0.1	0.01396	0.09546149277781174	0.014571415696626414	0.13316386507409703	84.66646664511826	
0.1	0.014	0.08310455826734098	0.013943504726533794	0.11632901048951291	93.81080140764129	
0.1	0.01404	0.0599091830733563	0.012336317925141326	0.08449380433893595	104.97228512216958	
0.1	0.01408	0.041451727485108024	0.01142022664116783	0.05932004055532053	119.00187221967467	
0.1	0.01412	0.02956475860496058	0.011462251940950068	0.04339930257480776	136.9366075884198	
0.1	0.01416	0.022141978860595234	0.012354632798222197	0.03386416116589035	160.2747442688045	
0.1	0.0142	0.017402176207425832	0.014081785028926843	0.02832580609804493	191.32886423001253	
0.1	0.01424	0.014271529665474986	0.016800736458585142	0.025426779238510368	233.78287330211236	
0.1	0.01428	0.012136266305459747	0.02088896739435328	0.024534457092205964	293.69919377744435	
0.1	0.01432	0.010640935200652523	0.02706003807923588	0.025529083808627638	381.3940521752578	
0.1	0.01436	0.00957316067481731	0.036601088615210824	0.028768159002795633	514.865481536913	
0.1	0.0144	0.008801610354518903	0.05175792886972956	0.03519556914792584	725.1745778620827	
0.1	0.01444	0.008242389151922228	0.07589374284636055	0.04637580668423479	1058.6746980378744	
0.1	0.01448	0.00784034841620409	0.11071042129117473	0.06308310655461521	1538.8441051631444	
0.1	0.01452	0.007558356805629229	0.1433345599890922	0.07884620922509429	1988.7928767466583	
0.1	0.01456	0.007370944327478687	0.14185814459301227	0.07771575366064153	1969.9768934729245	
0.1	0.0146	0.007260426191954221	0.10813699826465781	0.06059237741606895	1507.9405895423397	
0.1	0.01464	0.0072144766661169975	0.0739440076918118	0.043304858206895724	1039.445083812373	
0.1	0.01468	0.0072245780695768405	0.05055092151969377	0.031461847281309206	719.451090372084	
0.1	0.01472	0.007285015723400281	0.03587591551208743	0.024015337795440708	519.3670089352154	
0.1	0.01476	0.007392223546293102	0.026599901270727963	0.01930275876500864	393.59408980810315	
0.1	0.0148	0.007544363367863096	0.02054278886743864	0.01623150358943962	312.19030821292426	
0.1	0.01484	0.007741067482836013	0.016445837928589436	0.01416993999384038	257.87973051269853	
0.1	0.01488	0.007983302412704747	0.01358740061768958	0.012755460413300165	220.77178997182256	
0.1	0.01492	0.008273330426760908	0.01154307049378562	0.011774651805506126	195.0655820534971	
0.1	0.01496	0.008614758623135715	0.010054885821235987	0.011097928066430453	177.2533529382037	
0.1	0.015	0.00901267612447176	0.008960999291726853	0.01064437610894719	165.155428369108	
0.1	0.01504	0.009473890282137229	0.00815712682482753	0.010362499064257145	157.39240508664295	
0.1	0.01508	0.010007284597711318	0.0075748145904190045	0.01021939160660906	153.08915524709522	
0.1	0.01512	0.010624336553350572	0.0071688520100676775	0.01019452257189038	151.7054610891244	
0.1	0.01516	0.011339855769047592	0.006909843029974487	0.01027614307956164	152.93887073656762	
0.1	0.0152	0.012173036707633467	0.006779822735695376	0.010459280215941493	156.6713381889883	
0.1	0.01524	0.013148973621211741	0.006769790539561182	0.01074477686192976	162.94506378855368	
0.1	0.01528	0.014300872688756261	0.006878577966758738	0.011139125832342587	171.9610014734301	
0.1	0.01532	0.015673342733623946	0.00711280785961089	0.011655039557170635	184.0990531208776	
0.1	0.01536	0.017327398580728945	0.007487960866463081	0.012312866352679218	199.96407733707878	
0.1	0.0154	0.019348259651707316	0.008030836376449534	0.01314317054065356	220.4683094128211	
0.1	0.01544	0.021857846312425572	0.008784078660972349	0.014191112885618503	246.97106163598963	
0.1	0.01548	0.025035420084386098	0.009814092686655809	0.015523831989384828	281.5149543260526	
0.1	0.01552	0.029152800873962215	0.01122489677417919	0.017243093731618364	327.23288764070423	
0.1	0.01556	0.03463649328604267	0.013182848051877739	0.019507562380318193	389.068601121749	
0.1	0.0156	0.04218069942155478	0.01596187742872597	0.022573149141468508	475.0888921015228	
0.1	0.01564	0.052956787940513464	0.020027578352347055	0.026867487768664843	598.9161129135173	
0.1	0.01568	0.06899359276651149	0.026190095438900923	0.03312474151408615	784.1437931426042	
0.1	0.01572	0.09376178354597223	0.03583906882878074	0.042592825542480325	1071.1221066894157	
0.1	0.01576	0.13233205835946354	0.05100566759622929	0.05709435319705312	1518.81100898937	
0.1	0.0158	0.1867627734467286	0.07249577498424116	0.07742934802715806	2151.353977180732	
0.1	0.01584	0.23634443618676937	0.09190217798121031	0.0965089775538974	2729.162435292597	
0.1	0.01588	0.23528085229683254	0.0906575143088628	0.09857659811389047	2722.1174778450136	
0.1	0.01592	0.1918174090465984	0.07198680962920226	0.08682762796819773	2226.768972573198	
0.1	0.01596	0.15258236476125997	0.05454421177079781	0.07805039713182708	1785.0479934539858	
0.1	0.016	0.13360383798045672	0.044477880326554226	0.07876759482159387	1585.200317273037	
0.1	0.01604	0.13425015803290113	0.040996354253454464	0.09036145301240886	1624.7495132709	
0.1	0.01608	0.15367591017763954	0.04323241062982148	0.11489228135901577	1907.4178179144337	
0.1	0.01612	0.1893546233162669	0.051652941924354615	0.15270451268015334	2453.7044007742825	
0.1	0.01616	0.22152302787337083	0.06740276520578198	0.18975957354226428	3176.2258404016075	
0.1	0.0162	0.21991862702400578	0.08773170364282573	0.20017242159877202	3782.712936788309	
0.1	0.01624	0.19748118821248578	0.09731648239905742	0.18324844007028962	3865.683893488156	
0.1	0.01628	0.18407033458600597	0.08465394879426198	0.15372121153903023	3247.529454503119	
0.1	0.01632	0.19283377979494423	0.06518404587507076	0.1305104920479038	2488.3286619979363	
0.1	0.01636	0.23063807769906153	0.052047033041758534	0.1240443132443396	2011.6741540188004	
0.1	0.0164	0.30630199736174235	0.04678327188020953	0.1361984541863437	1859.8894024014414	
0.1	0.01644	0.42257456147663214	0.04793000853457019	0.1657027748070391	1971.358843052909	
0.1	0.01648	0.5297997317577959	0.05241196797048788	0.197425948090672	2157.410271284575	
0.1	0.01652	0.5175991714093832	0.05555249867885238	0.20018874968959188	2085.970019285375	
0.1	0.01656	0.40159969955383457	0.0587649172318081	0.17965668154306677	1795.7937745341383	
0.1	0.0166	0.29052234565991575	0.06625555384703866	0.16643532427332386	1578.722257102785	
0.1	0.01664	0.21620263380268837	0.07232856162459783	0.16024721332505254	1439.9330242952876	
0.1	0.01668	0.16601582843458673	0.06672117441513564	0.14465608509826738	1231.6356641164089	
0.1	0.01672	0.13201882637709828	0.055419781237740655	0.1267440956077402	999.4205609297467	
0.1	0.01676	0.11252305517855143	0.0488771526769098	0.12148877830806715	853.4768312492915	
0.1	0.0168	0.10503476088760016	0.049376046819620566	0.1322773260878143	811.0478618362024	
0.1	0.01684	0.10496256059304684	0.053059818993309395	0.14976596999064098	819.4665974198763	
0.1	0.01688	0.10446255947533678	0.050551745044396225	0.14963535890203278	762.7733445762559	
0.1	0.01692	0.10309028739525941	0.039875127659737046	0.12798471683186935	614.7735723936091	
0.1	0.01696	0.10946153392983586	0.028933572604338174	0.10822246542034492	467.9656941607998	
0.1	0.017	0.12513758933253788	0.02120465401065524	0.09973697878590826	362.67224547100477	
0.1	0.01704	0.13434777451227362	0.01618825989684234	0.09436339123580309	292.16897991058835	
0.1	0.01708	0.11833736755998005	0.012903492916157487	0.08135722349947674	244.2341471693407	
0.1	0.01712	0.09036115912191968	0.010685774330452657	0.06536235947063317	210.57298321864013	
0.1	0.01716	0.06786517043982561	0.009146075072435195	0.05360264973177532	186.28626313643127	
0.1	0.0172	0.053323375861963375	0.008060525561083453	0.04687393208932132	168.5277471965037	
0.1	0.01724	0.04447316094880702	0.007299693230654657	0.04411003720134203	155.6474918546169	
0.1	0.01728	0.03940252967285486	0.006790445969959769	0.044700519461224955	146.73465717908488	
0.1	0.01732	0.03711846763364361	0.006496906251522198	0.048846427337896195	141.40019096818287	
0.1	0.01736	0.03736175968426712	0.006412805161895163	0.05769352160983371	139.71200821399495	
0.1	0.0174	0.040467024179688414	0.006562060229531217	0.07350018586577198	142.24807357533393	
0.1	0.01744	0.04699076599673101	0.0070066101827478185	0.09863943111833308	150.2271263775163	
0.1	0.01748	0.05572055033386522	0.007859831239749239	0.12853092297197483	165.55069619583725	
0.1	0.01752	0.06074235846144585	0.009316366730111535	0.14097727749168135	191.02406669318665	
0.1	0.01756	0.05958974162408483	0.011752037776627651	0.12516459042535025	232.97491196461704	
0.1	0.0176	0.05985896185547425	0.01576242008010189	0.10542446524578225	302.63428215752043	
0.1	0.01764	0.06607957255641522	0.021542481669439305	0.0971595160400763	403.89985165350447	
0.1	0.01768	0.0728402081423392	0.02654578591795997	0.0948667489131142	491.68705680799764	
0.1	0.01772	0.06806682849449797	0.025482468923494817	0.0840195029226887	472.2429797876001	
0.1	0.01776	0.053674094603664194	0.019511065628143302	0.06519909110475003	366.0262313457676	
0.1	0.0178	0.04046048868743546	0.013837059604358817	0.04884600770985171	265.18458377265927	
0.1	0.01784	0.03151943273643031	0.009996540787041664	0.03771342966605992	196.90110847864355	
0.1	0.01788	0.025837260608850533	0.007567925373415416	0.03046498943936611	153.69978958907475	
0.1	0.01792	0.02218535052579821	0.0060083609847760185	0.025650097065348175	125.96199159655961	
0.1	0.01796	0.01977658829064106	0.0049694817134461	0.022341783803571387	107.51617187959374	
0.1	0.018	0.018155040395132577	0.004250596645042544	0.01999559038111958	94.80797200045139	
0.1	0.01804	0.017056635829453035	0.003736218874392493	0.01828957125835817	85.79347509093097	
0.1	0.01808	0.016324494172042403	0.0033580136367762766	0.017027460020001245	79.26515281907992	
0.1	0.01812	0.015862773983780117	0.0030741250474337935	0.01608541910718626	74.48572149304344	
0.1	0.01816	0.015611703727365507	0.0028580388600485136	0.015382814585048008	70.99097703719913	
0.1	0.0182	0.015533800450119714	0.0026924510495215407	0.014865781136973987	68.48136518228321	
0.1	0.01824	0.01560607376661745	0.002565788263247464	0.014497691445411737	66.76059856956994	
0.1	0.01828	0.01581553730474018	0.002470170601747345	0.01425346577439089	65.69991085775246	
0.1	0.01832	0.01615663019585855	0.002400184352370847	0.014116095947820314	65.2167699072068	
0.1	0.01836	0.016629808309481565	0.0023521252182213993	0.014074499243703038	65.26207196619976	
0.1	0.0184	0.017240914519501525	0.00232352473919864	0.014122210921578341	65.81254975445492	
0.1	0.01844	0.01800113518332307	0.0023128540766085147	0.014256641353589802	66.86659351121791	
0.1	0.01848	0.018927475027561497	0.0023193445521978934	0.014478751208641505	68.44251946594065	
0.1	0.01852	0.020043777879210835	0.00234289061065473	0.014793080873752005	70.57883841327009	
0.1	0.01856	0.02138241436797133	0.0023840172572824657	0.015208134080643615	73.33644998841235	
0.1	0.0186	0.022986875162044913	0.00244390555852006	0.015737178464362046	76.803025303509	
0.1	0.01864	0.024915681649823742	0.002524479708855566	0.01639960472335348	81.10023436515365	
0.1	0.01868	0.02724830671395076	0.0026285701433815464	0.017223104329502976	86.39503683285932	
0.1	0.01872	0.030094278604654242	0.0027601823789176957	0.01824712199466029	92.91716107292957	
0.1	0.01876	0.03360749595623615	0.00292492567519261	0.019528384997124833	100.98646492625079	
0.1	0.0188	0.03800935613709182	0.0031306983254246303	0.02114994715636975	111.05671591858767	
0.1	0.01884	0.04362728784123984	0.003388805276200707	0.02323639348124721	123.78767787522395	
0.1	0.01888	0.050961104982267455	0.003715834914791508	0.025980211178949615	140.16774843581555	
0.1	0.01892	0.06080112773873879	0.004136917423433873	0.029689010271504654	161.72978616683503	
0.1	0.01896	0.07444444954953883	0.00469155796528547	0.03487239014199472	190.94232275575155	
0.1	0.019	0.0940944025986663	0.0054442213614689875	0.042402958849460534	231.92654106122683	
0.1	0.01904	0.12355854050951419	0.006502651054073681	0.05379817836909701	291.70401351875444	
0.1	0.01908	0.1691165851277926	0.008041063196138239	0.07156939741332288	381.7623854156008	
0.1	0.01912	0.23831294825436536	0.01027383470071594	0.09871657732680983	516.0717229971891	
0.1	0.01916	0.32574334880846334	0.01311343221657795	0.132888238573405	686.6738437736574	
0.1	0.0192	0.37973542031082536	0.015365218191213498	0.15270178206701754	806.3521475162459	
0.1	0.01924	0.35120008139628617	0.01593802001673857	0.1376956629688298	793.7061467579692	
0.1	0.01928	0.29319677000289945	0.01630799743223556	0.10900467441510003	746.4373574601082	
0.1	0.01932	0.2615275808336932	0.01814408757289642	0.08844481328618475	771.2970924178121	
0.1	0.01936	0.2682300269545813	0.02226384511273632	0.07913177953728545	906.8474762898043	
0.1	0.0194	0.3161161263524159	0.029566471991728745	0.07932598682034465	1186.1740495144813	
0.1	0.01944	0.4087733045534581	0.040943634198667915	0.08786491045438148	1641.5119049333819	
0.1	0.01948	0.5231870007862371	0.0542804166637318	0.10194913765456778	2170.928133209623	
0.1	0.01952	0.5720308264758838	0.06053216273536395	0.11335639247590248	2361.8386643123063	
0.1	0.01956	0.5241107683433953	0.05658109712902058	0.12037143333091882	2058.1613312936743	
0.1	0.0196	0.478755124207048	0.053191633091464026	0.13547988758352275	1708.150312760743	
0.1	0.01964	0.5026662318951117	0.05772704907805823	0.169566145916681	1594.2982201251243	
0.1	0.01968	0.6032935668925967	0.07114583148528064	0.2259544304162739	1733.2244069938495	
0.1	0.01972	0.7177816294464443	0.08591237915252957	0.28294649377253717	1946.9831953077871	
0.1	0.01976	0.6978535742502969	0.08393636017509441	0.28421409621109234	1853.329019505869	
0.1	0.0198	0.5370267021627979	0.0645020690471301	0.22898878392096195	1426.6235228929859	
0.1	0.01984	0.3736879020113224	0.044668211333781266	0.1738028590211639	1002.7438116683575	
0.1	0.01988	0.26053884753412554	0.03094177076260076	0.14142692962678366	708.4885828548402	
0.1	0.01992	0.18848157339073118	0.022222187016014566	0.12991134709868807	519.4780821409462	
0.1	0.01996	0.14213169252771995	0.01662973100230362	0.1304781697337405	396.5510701280283	
