-0.76444525
-0.7646556
-0.765371
-0.76677525
-0.7691147
-0.77268076
-0.7777986
-0.7848199
-0.79412174
-0.8061118
-0.82124096
-0.8400267
-0.8630919
-0.8912291
-0.92551064
-0.9674856
-1.0195525
-1.0856981
-1.1729971
-1.2944657
-1.472214
-1.7244476
-1.8364997
-1.7817973
-1.7184825
-1.6464189
-1.5634339
-1.4662848
-1.3531882
-1.2291542
-1.1121684
-1.0295287
-0.99487853
-0.9913761
-0.9793245
-0.9154062
-0.52724814
-0.3786269
-0.3097688
-0.2642676
-0.22847684
-0.19798544
-0.17103285
-0.1468496
-0.12512046
-0.105748266
-0.08871369
-0.0739841
-0.06146497
-0.050989028
-0.042332318
