-0.72869813
-0.729153
-0.73316324
-0.74629396
-0.7743755
-0.82154787
-0.8886751
-0.97220004
-1.0636512
-1.1503981
-1.2183101
-1.255631
-1.2552539
-1.2123175
-1.1155107
-0.93129724
-0.6200351
-0.3076985
-0.15412448
-0.09852697
-0.07738492
-0.06791863
-0.0628008
-0.05952436
-0.05713958
-0.05523962
-0.05362638
-0.052191593
-0.05087045
-0.049621698
-0.048418153
-0.047241557
-0.046079673
-0.044924483
-0.04377097
-0.042616263
-0.04145906
-0.04029919
-0.039137278
-0.037974503
-0.036812417
-0.0356528
-0.034497544
-0.033348583
-0.032207824
-0.031077115
-0.029958205
-0.028852738
-0.027762234
-0.026688099
-0.025631616
