-0.73429024
-0.7346855
-0.73780113
-0.74771684
-0.7688849
-0.804894
-0.85750216
-0.92590517
-1.0062423
-1.0915304
-1.1724626
-1.2393492
-1.2845984
-1.3042004
-1.296999
-1.2616551
-1.190809
-1.057914
-0.7994696
-0.44273508
-0.23118363
-0.15640166
-0.12803005
-0.11381853
-0.1046933
-0.09786499
-0.092319764
-0.08760799
-0.08348771
-0.07980731
-0.07646218
-0.073376544
-0.070494235
-0.06777334
-0.06518267
-0.06269914
-0.060305845
-0.057990547
-0.0557445
-0.053561497
-0.05143721
-0.0493686
-0.047353525
-0.0453904
-0.043478005
-0.04161532
-0.03980143
-0.038035493
-0.03631671
-0.034644343
-0.03301772
