1.1 0.0 -0.8460356799997045
1.15 0.0 -0.8643759200001665
1.2 0.0 -0.8809278800001183
1.25 0.0 -0.8949325199996047
1.3 0.0 -0.9055921600005267
1.35 0.0 -0.9121258399996841
1.4 0.0 -0.9138381199999689
1.45 0.0 -0.9101892400000318
1.5 0.0 -0.9008569599998882
1.55 0.0 -0.8857791600004058
1.6 0.0 -0.8651683199996572
1.65 0.0 -0.8394945999999193
1.7 0.0 -0.8094417200002308
1.75 0.0 -0.775841919999816
1.8 0.0 -0.7396040800003361
1.85 0.0 -0.701642559999623
1.9 0.0 -0.6628188400000591
1.95 0.0 -0.6238987200003232
2.0 0.0 -0.8720432399999232
2.05 0.0 -1.100621359999717
2.1 0.0 -0.37852331999985855
2.15 0.0 -0.3599386800002316
2.2 0.0 -0.34213728000018884
2.25 0.0 -0.32509823999961546
2.3 0.0 -0.30880623999998247
2.35 0.0 -0.2932470800005833
2.4 0.0 -0.27840752000010227
2.45 0.0 -0.26427287999932186
2.5 0.0 -0.2508269199999811
2.55 0.0 -0.23805196000003065
2.6 0.0 -0.2259282000004256
2.65 0.0 -0.21443443999964337
2.7 0.0 -0.20354804000035714
2.75 0.0 -0.19324535999962653
2.8 0.0 -0.18350184000084432
2.85 0.0 -0.17429287999868223
2.9 0.0 -0.16559332000056828
2.95 0.0 -0.15737811999989498
3.0 0.0 -0.1496229200007809
3.05 0.0 -0.142303279999823
3.1 0.0 -0.13539587999858255
3.15 0.0 -0.12887788000129172
3.2 0.0 -0.12272724000013156
3.25 0.0 -0.11692303999950623
3.3 0.0 -0.11144495999927113
3.35 0.0 -0.10627400000119579
3.4 0.0 -0.10139179999981743
3.45 0.0 -0.09678107999988618
3.5 0.0 -0.09242555999945119
3.55 0.0 -0.08830988000058279
3.6 0.0 -0.08441936000025438
3.65 0.0 -0.08074035999925429
3.7 0.0 -0.07726024000018719
3.75 0.0 -0.07396664000043313
3.8 0.0 -0.07084835999933173
3.85 0.0 -0.06789488000080747
3.9 0.0 -0.06509611999914143
3.95 0.0 -0.062442880000501355
1.1 0.01 -0.8464933999999177
1.15 0.01 -0.8648314800002008
1.2 0.01 -0.8813788799997755
1.25 0.01 -0.8953746800003067
1.3 0.01 -0.9060189199999545
1.35 0.01 -0.9125293999996793
1.4 0.01 -0.9142097200001619
1.45 0.01 -0.9105200000000431
1.5 0.01 -0.9011390000001317
1.55 0.01 -0.8860065999996843
1.6 0.01 -0.8653377200001731
1.65 0.01 -0.8396058399998862
1.7 0.01 -0.8094974000002193
1.75 0.01 -0.7758473599999108
1.8 0.01 -0.7395664800000672
1.85 0.01 -0.7015701999996755
1.9 0.01 -0.6627203600004373
1.95 0.01 -0.6237824399995839
2.0 0.01 -0.8796075200005169
2.05 0.01 -1.090744799999651
2.1 0.01 -0.37865595999946455
2.15 0.01 -0.36005724000080425
2.2 0.01 -0.3422430400000577
2.25 0.01 -0.3251927999996234
2.3 0.01 -0.3088908399998769
2.35 0.01 -0.2933230400004734
2.4 0.01 -0.2784760400000873
2.45 0.01 -0.26433479999947135
2.5 0.01 -0.25088343999968377
2.55 0.01 -0.23810368000075727
2.6 0.01 -0.22597604000012064
2.65 0.01 -0.21447879999905048
2.7 0.01 -0.20358964000024643
2.75 0.01 -0.19328460000074163
2.8 0.01 -0.18353911999966563
2.85 0.01 -0.17432851999949947
2.9 0.01 -0.16562752000055583
2.95 0.01 -0.1574113199997998
3.0 0.01 -0.14965504000059635
3.05 0.01 -0.14233467999957888
3.1 0.01 -0.1354265999989927
3.15 0.01 -0.12890800000094169
3.2 0.01 -0.12275688000045236
3.25 0.01 -0.11695223999979062
3.3 0.01 -0.1114737999988152
3.35 0.01 -0.10630240000141399
3.4 0.01 -0.10141991999930192
3.45 0.01 -0.09680888000076528
3.5 0.01 -0.09245311999817879
3.55 0.01 -0.08833700000140562
3.6 0.01 -0.08444628000035012
3.65 0.01 -0.08076704000004072
3.7 0.01 -0.07728651999809835
3.75 0.01 -0.07399264000187383
3.8 0.01 -0.07087407999932818
3.85 0.01 -0.06792032000078076
3.9 0.01 -0.0651212399983777
3.95 0.01 -0.06246764000112892
1.1 0.02 -0.8478771600000131
1.15 0.02 -0.8662093200001617
1.2 0.02 -0.8827435599997133
1.25 0.02 -0.8967128000001786
1.3 0.02 -0.9073113999999581
1.35 0.02 -0.9137522799999638
1.4 0.02 -0.9153362000002861
1.45 0.02 -0.9115232799995661
1.5 0.02 -0.9019952400002783
1.55 0.02 -0.8866975600000112
1.6 0.02 -0.8658535999998693
1.65 0.02 -0.839945639999935
1.7 0.02 -0.8096692799998746
1.75 0.02 -0.7758674800005098
1.8 0.02 -0.7394564799994923
1.85 0.02 -0.7013551200003538
1.9 0.02 -0.6624264799999248
1.95 0.02 -0.6234345999999358
2.0 0.02 -0.9035452400001397
2.05 0.02 -1.059856479999407
2.1 0.02 -0.3790575200003601
2.15 0.02 -0.36041580000027357
2.2 0.02 -0.34256311999989586
2.25 0.02 -0.32547883999984256
2.3 0.02 -0.3091467599997355
2.35 0.02 -0.29355296000066766
2.4 0.02 -0.27868308000016484
2.45 0.02 -0.26452243999900954
2.5 0.02 -0.2510542400003155
2.55 0.02 -0.2382602800002141
2.6 0.02 -0.22612055999999905
2.65 0.02 -0.21461316000021988
2.7 0.02 -0.2037154799992898
2.75 0.02 -0.19340324000061035
2.8 0.02 -0.1836518799997584
2.85 0.02 -0.17443623999988575
2.9 0.02 -0.165731159999894
2.95 0.02 -0.15751152000098495
3.0 0.02 -0.14975231999940827
3.05 0.02 -0.14242956000032386
3.1 0.02 -0.13551943999885835
3.15 0.02 -0.12899912000066502
3.2 0.02 -0.12284648000004993
3.25 0.02 -0.11704048000069675
3.3 0.02 -0.11156083999820095
3.35 0.02 -0.10638848000143085
3.4 0.02 -0.10150483999993334
3.45 0.02 -0.09689291999990281
3.5 0.02 -0.09253623999937183
3.55 0.02 -0.08841924000039422
3.6 0.02 -0.08452756000068037
3.65 0.02 -0.08084747999959092
3.7 0.02 -0.07736607999899683
3.75 0.02 -0.07407128000127511
3.8 0.02 -0.07095179999936388
3.85 0.02 -0.06799712000074033
3.9 0.02 -0.06519711999826115
3.95 0.02 -0.06254252000164018
1.1 0.03 -0.8502197600002178
1.15 0.03 -0.868543079999635
1.2 0.03 -0.8850566799999657
1.25 0.03 -0.8989828400004193
1.3 0.03 -0.9095059599996379
1.35 0.03 -0.9158304399999602
1.4 0.03 -0.9172524800003888
1.45 0.03 -0.9132316399995184
1.5 0.03 -0.9034548800002572
1.55 0.03 -0.8878776399999518
1.6 0.03 -0.8667369600001282
1.65 0.03 -0.8405307600000311
1.7 0.03 -0.8099701999999038
1.75 0.03 -0.7759112799998705
1.8 0.03 -0.7392801200001768
1.85 0.03 -0.701001279999854
1.9 0.03 -0.6619391200001014
1.95 0.03 -0.6228563599996984
2.0 0.03 -0.947230200000474
2.05 0.03 -1.0045446799998494
2.1 0.03 -0.3797354799996113
2.15 0.03 -0.36102104000061336
2.2 0.03 -0.3431031999998181
2.25 0.03 -0.3259611199996009
2.3 0.03 -0.3095783199999158
2.35 0.03 -0.293940120000727
2.4 0.03 -0.2790317999998858
2.45 0.03 -0.2648380799991909
2.5 0.03 -0.25134160000064387
2.55 0.03 -0.23852355999997116
2.6 0.03 -0.2263633200001899
2.65 0.03 -0.21483879999970476
2.7 0.03 -0.20392667999971154
2.75 0.03 -0.19360236000074313
2.8 0.03 -0.1838408799997644
2.85 0.03 -0.17461699999920993
2.9 0.03 -0.16590484000076403
2.95 0.03 -0.1576793599999507
3.0 0.03 -0.1499154400001151
3.05 0.03 -0.14258859999998258
3.1 0.03 -0.13567503999894298
3.15 0.03 -0.1291518000012186
3.2 0.03 -0.1229966800003983
3.25 0.03 -0.1171884399994387
3.3 0.03 -0.11170691999891898
3.35 0.03 -0.10653264000127947
3.4 0.03 -0.10164751999965951
3.45 0.03 -0.09703400000020714
3.5 0.03 -0.09267575999883654
3.55 0.03 -0.08855740000116749
3.6 0.03 -0.08466427999991341
3.65 0.03 -0.08098272000012259
3.7 0.03 -0.07749987999869881
3.75 0.03 -0.07420376000157841
3.8 0.03 -0.07108275999954142
3.85 0.03 -0.06812656000008156
3.9 0.03 -0.06532511999890432
3.95 0.03 -0.06266900000144704
1.1 0.04 -0.8535766399997898
1.15 0.04 -0.8718896800001328
1.2 0.04 -0.8883770000000655
1.25 0.04 -0.9022451999999866
1.3 0.04 -0.9126633200001099
1.35 0.04 -0.9188238000000077
1.4 0.04 -0.9200154399998471
1.45 0.04 -0.915697559999979
1.5 0.04 -0.9055641999999896
1.55 0.04 -0.8895854400002131
1.6 0.04 -0.8680183599999256
1.65 0.04 -0.8413837199999064
1.7 0.04 -0.8104149600001105
1.75 0.04 -0.7759871999997573
1.8 0.04 -0.7390406400002574
1.85 0.04 -0.7005077199998728
1.9 0.04 -0.6612549599999819
1.95 0.04 -0.6220425999998691
2.0 0.04 -1.0152503200006304
2.05 0.04 -0.9201689199992953
2.1 0.04 -0.38069579999984304
2.15 0.04 -0.3618770400007401
2.2 0.04 -0.34386611999970407
2.25 0.04 -0.3266415199997646
2.3 0.04 -0.31018608000010883
2.35 0.04 -0.2944845200002961
2.4 0.04 -0.2795215599999078
2.45 0.04 -0.26528055999991945
2.5 0.04 -0.25174379999910546
2.55 0.04 -0.23889152000128405
2.6 0.04 -0.2267023999998238
2.65 0.04 -0.21515351999945473
2.7 0.04 -0.20422099999990523
2.75 0.04 -0.19387976000095794
2.8 0.04 -0.18410427999953138
2.85 0.04 -0.17486863999942498
2.9 0.04 -0.1661470000001947
2.95 0.04 -0.15791352000085107
3.0 0.04 -0.1501431199997688
3.05 0.04 -0.1428108799999
3.1 0.04 -0.13589287999849303
3.15 0.04 -0.12936588000187862
3.2 0.04 -0.1232075999993758
3.25 0.04 -0.117396800000336
3.3 0.04 -0.11191287999890716
3.35 0.04 -0.10673660000110217
3.4 0.04 -0.1018496000000372
3.45 0.04 -0.09723443999973859
3.5 0.04 -0.09287455999894284
3.55 0.04 -0.08875472000115134
3.6 0.04 -0.0848601199997748
3.65 0.04 -0.08117716000057869
3.7 0.04 -0.07769283999903245
3.75 0.04 -0.07439516000036188
3.8 0.04 -0.07127288000035062
3.85 0.04 -0.06831512000005115
3.9 0.04 -0.06551215999874814
3.95 0.04 -0.0628545600011684
1.1 0.05 -1.178377200000473
1.15 0.05 -0.8763310799995547
1.2 0.05 -0.8927888000002359
1.25 0.05 -0.9065853999999169
1.3 0.05 -0.9168691599999367
1.35 0.05 -0.9228154800002337
1.4 0.05 -0.9237030399997825
1.45 0.05 -0.9189905200003019
1.5 0.05 -0.9083819599997188
1.55 0.05 -0.8918673200000123
1.6 0.05 -0.8697309599998735
1.65 0.05 -0.8425246400001596
1.7 0.05 -0.8110120000001271
1.75 0.05 -0.7760939199997056
1.8 0.05 -0.7387289600004037
1.85 0.05 -0.6998601599995842
1.9 0.05 -0.6603566000002582
1.95 0.05 -0.620974599999965
2.0 0.05 -1.1123322000001807
2.05 0.05 -0.8019526799993717
2.1 0.05 -0.3819359600001362
2.15 0.05 -0.3629799600006914
2.2 0.05 -0.3448464799994623
2.25 0.05 -0.32751332000013283
2.3 0.05 -0.31096283999971885
2.35 0.05 -0.29517848000051594
2.4 0.05 -0.2801439999995391
2.45 0.05 -0.2658418000001713
2.5 0.05 -0.25225288000001544
2.55 0.05 -0.23935659999997455
2.6 0.05 -0.2271304400004234
2.65 0.05 -0.21555079999964086
2.7 0.05 -0.2045927599994009
2.75 0.05 -0.194230560000851
2.8 0.05 -0.18443788000013295
2.85 0.05 -0.17518847999888804
2.9 0.05 -0.16645560000085938
2.95 0.05 -0.1582133200000771
3.0 0.05 -0.15043579999982679
3.05 0.05 -0.14309816000022174
3.1 0.05 -0.13617583999916788
3.15 0.05 -0.12964564000015708
3.2 0.05 -0.12348492000100508
3.25 0.05 -0.1176722399996781
3.3 0.05 -0.11218703999885389
3.35 0.05 -0.10700976000096617
3.4 0.05 -0.10212203999984162
3.45 0.05 -0.09750644000092769
3.5 0.05 -0.09314623999797383
3.55 0.05 -0.08902608000157694
3.6 0.05 -0.08513131999947662
3.65 0.05 -0.08144816000026396
3.7 0.05 -0.07796375999942165
3.75 0.05 -0.07466592000073784
3.8 0.05 -0.07154335999999287
3.85 0.05 -0.06858547999968348
3.9 0.05 -0.06578227999907114
3.95 0.05 -0.06312440000146824
1.1 0.06 -0.8636804400001838
1.15 0.06 -0.8819767599998538
1.2 0.06 -0.8984036800001182
1.25 0.06 -0.9121163999999644
1.3 0.06 -0.9222346799997927
1.35 0.06 -0.9279114000001648
1.4 0.06 -0.9284116000003484
1.45 0.06 -0.9231933199995219
1.5 0.06 -0.9119735200002342
1.55 0.06 -0.8947692399999548
1.6 0.06 -0.8719006399996263
1.65 0.06 -0.843960480000656
1.7 0.06 -0.8117517199995146
1.75 0.06 -0.7762084000002959
1.8 0.06 -0.7383128399997245
1.85 0.06 -0.6990206800001137
1.9 0.06 -0.6592038000000878
1.95 0.06 -0.6196125599998903
2.0 0.06 -1.2424802000000446
2.05 0.06 -0.6458703599998882
2.1 0.06 -0.38344211999970096
2.15 0.06 -0.3643142800009594
2.2 0.06 -0.34602763999949226
2.25 0.06 -0.32855979999967744
2.3 0.06 -0.31189152000017484
2.35 0.06 -0.29600544000037154
2.4 0.06 -0.2808836799999891
2.45 0.06 -0.2665072399990972
2.5 0.06 -0.25285592000088375
2.55 0.06 -0.23990743999936598
2.6 0.06 -0.22763824000122748
2.65 0.06 -0.21602339999895356
2.7 0.06 -0.20503683999990657
2.75 0.06 -0.19465200000019398
2.8 0.06 -0.18484148000013145
2.85 0.06 -0.17557835999988297
2.9 0.06 -0.1668352000002932
2.95 0.06 -0.1585855599996125
3.0 0.06 -0.15080288000035633
3.05 0.06 -0.1434620000004832
3.1 0.06 -0.13653795999857649
3.15 0.06 -0.13000728000094705
3.2 0.06 -0.12384699999969984
3.25 0.06 -0.11803540000059384
3.3 0.06 -0.11255195999849417
3.35 0.06 -0.10737676000148909
3.4 0.06 -0.10249143999985258
3.45 0.06 -0.09787839999972937
3.5 0.06 -0.09352083999912558
3.55 0.06 -0.0894035600015459
3.6 0.06 -0.0855115599989634
3.65 0.06 -0.08183128000069957
3.7 0.06 -0.07834967999937839
3.75 0.06 -0.07505480000022895
3.8 0.06 -0.07193520000043943
3.85 0.06 -0.06898035999967103
3.9 0.06 -0.06618027999931685
3.95 0.06 -0.06352576000057086
1.1 0.07 -0.870674999999824
1.15 0.07 -0.8889681200002949
1.2 0.07 -0.9053647599998303
1.25 0.07 -0.9189804000001707
1.3 0.07 -0.9288978399997239
1.35 0.07 -0.9342394800000825
1.4 0.07 -0.934252920000137
1.45 0.07 -0.9283954400000688
1.5 0.07 -0.9164022399996729
1.55 0.07 -0.8983253600000248
1.6 0.07 -0.874532880000348
1.65 0.07 -0.8456703999996716
1.7 0.07 -0.8125917200000938
1.75 0.07 -0.7762725200002721
1.8 0.07 -0.7377242399996957
1.85 0.07 -0.6979171600001128
1.9 0.07 -0.6577251199999546
1.95 0.07 -0.6178895999997958
2.0 0.07 -1.4084888800005186
2.05 0.07 -0.44917235999929456
2.1 0.07 -0.3851874800002278
2.15 0.07 -0.3658519600002899
2.2 0.07 -0.3473820400000006
2.25 0.07 -0.32975367999969407
2.3 0.07 -0.31294684000009565
2.35 0.07 -0.2969420400000617
2.4 0.07 -0.2817198400006059
2.45 0.07 -0.26725935999880013
2.5 0.07 -0.2535384800005156
2.55 0.07 -0.24053331999999245
2.6 0.07 -0.22821844000091654
2.65 0.07 -0.21656763999850942
2.7 0.07 -0.2055533200007183
2.75 0.07 -0.1951474799999787
2.8 0.07 -0.18532208000010608
2.85 0.07 -0.17604855999970764
2.9 0.07 -0.1672993199996148
2.95 0.07 -0.15904656000080755
3.0 0.07 -0.15126352000010054
3.05 0.07 -0.14392427999965257
3.1 0.07 -0.13700371999945488
3.15 0.07 -0.13047760000078165
3.2 0.07 -0.1243230000000044
3.25 0.07 -0.11851800000002341
3.3 0.07 -0.1130417199992267
3.35 0.07 -0.10787432000073537
3.4 0.07 -0.1029974799998005
3.45 0.07 -0.09839332000041202
3.5 0.07 -0.09404551999848415
3.55 0.07 -0.0899386400010544
3.6 0.07 -0.08605796000082963
3.65 0.07 -0.08239003999932522
3.7 0.07 -0.07892219999914254
3.75 0.07 -0.07564236000052697
3.8 0.07 -0.07253956000070642
3.85 0.07 -0.06960323999933873
3.9 0.07 -0.06682371999926459
3.95 0.07 -0.06419156000165814
1.1 0.08 -0.8791913199999644
1.15 0.08 -0.8974846399997413
1.2 0.08 -0.9138512400003439
1.25 0.08 -0.9273533199998146
1.3 0.08 -0.937024399999945
1.35 0.08 -0.9419478000001597
1.4 0.08 -0.9413485599999694
1.45 0.08 -0.9346843599999438
1.5 0.08 -0.9217156799998382
1.55 0.08 -0.9025419200003834
1.6 0.08 -0.8775944399996436
1.65 0.08 -0.8475874400001925
1.7 0.08 -0.8134391199998643
1.75 0.08 -0.7761770000001847
1.8 0.08 -0.7368465599999068
1.85 0.08 -0.6964339199999577
1.9 0.08 -0.6558117200000902
1.95 0.08 -0.8127100399999377
2.0 0.08 -1.2177335600002823
2.05 0.08 -0.40763755999922996
2.1 0.08 -0.3871310000004527
2.15 0.08 -0.36755268000032065
2.2 0.08 -0.3488703199998623
2.25 0.08 -0.33105903999969755
2.3 0.08 -0.31409587999959965
2.35 0.08 -0.29795976000077945
2.4 0.08 -0.2826284000001077
2.45 0.08 -0.26807871999980326
2.5 0.08 -0.25428595999912407
2.55 0.08 -0.24122420000102324
2.6 0.08 -0.22886583999977086
2.65 0.08 -0.21718255999965014
2.7 0.08 -0.20614528000066984
2.75 0.08 -0.19572435999939303
2.8 0.08 -0.1858903600009405
2.85 0.08 -0.17661379999886945
2.9 0.08 -0.16786596000031354
2.95 0.08 -0.1596183999998049
3.0 0.08 -0.15184384000051007
3.05 0.08 -0.14451592000028818
3.1 0.08 -0.13760919999839344
3.15 0.08 -0.1310994800017877
3.2 0.08 -0.12496395999974697
3.25 0.08 -0.11918071999943479
3.3 0.08 -0.11372915999926231
3.35 0.08 -0.10859016000098917
3.4 0.08 -0.10374548000058363
3.45 0.08 -0.09917791999924964
3.5 0.08 -0.09487163999933607
3.55 0.08 -0.09081144000079484
3.6 0.08 -0.08698280000061262
3.65 0.08 -0.08337219999958763
3.7 0.08 -0.07996575999880086
3.75 0.08 -0.07675008000123067
3.8 0.08 -0.07371115999959015
3.85 0.08 -0.07083428000029837
3.9 0.08 -0.06810363999929478
3.95 0.08 -0.06550240000069395
1.1 0.09 -0.8894596799997632
1.15 0.09 -0.9077536000003001
1.2 0.09 -0.924085919999843
1.25 0.09 -0.9374481999998258
1.3 0.09 -0.9468090400002216
1.35 0.09 -0.9512004799997646
1.4 0.09 -0.9498204000003374
1.45 0.09 -0.9421298399995898
1.5 0.09 -0.9279260400003186
1.55 0.09 -0.9073738000001392
1.6 0.09 -0.8809888399994779
1.65 0.09 -0.8495746800004821
1.7 0.09 -0.8141303199998557
1.75 0.09 -0.7757458399996823
1.8 0.09 -0.735504640000431
1.85 0.09 -0.6944066399999079
1.9 0.09 -0.6533175599997799
1.95 0.09 -1.0922017600002163
2.0 0.09 -0.8934971200000895
2.05 0.09 -0.4100383599996316
2.1 0.09 -0.38921527999988964
2.15 0.09 -0.3693612400007476
2.2 0.09 -0.35044203999987766
2.25 0.09 -0.33242967999942685
2.3 0.09 -0.3152987199999935
2.35 0.09 -0.2990244400004089
2.4 0.09 -0.283581400000089
2.45 0.09 -0.2689433999992271
2.5 0.09 -0.25508260000037897
2.55 0.09 -0.24197028000093695
2.6 0.09 -0.22957639999887727
2.65 0.09 -0.2178704400004327
2.7 0.09 -0.20682151999977877
2.75 0.09 -0.19639848000045818
2.8 0.09 -0.18657087999969302
2.85 0.09 -0.17730835999949418
2.9 0.09 -0.16858180000056738
2.95 0.09 -0.16036272000028354
3.0 0.09 -0.15262407999969752
3.05 0.09 -0.14533992000025417
3.1 0.09 -0.13848571999844164
3.15 0.09 -0.1320382800020152
3.2 0.09 -0.12597575999961963
3.25 0.09 -0.12027723999921179
3.3 0.09 -0.11492324000000603
3.35 0.09 -0.10989432000089336
3.4 0.09 -0.10517123999918036
3.45 0.09 -0.10073416000082638
3.5 0.09 -0.09656111999843679
3.55 0.09 -0.09262752000184399
3.6 0.09 -0.08890459999904042
3.65 0.09 -0.08535964000060434
3.7 0.09 -0.08195595999862483
3.75 0.09 -0.07865620000120324
3.8 0.09 -0.07542636000010843
3.85 0.09 -0.0722414400001983
3.9 0.09 -0.06909071999854317
3.95 0.09 -0.06597928000107132
1.1 0.1 -0.9017770399996327
1.15 0.1 -0.9200619200004874
1.2 0.1 -0.9363442399998012
1.25 0.1 -0.9495205600000294
1.3 0.1 -0.9584731199996844
1.35 0.1 -0.9621685600002599
1.4 0.1 -0.9597732399999649
1.45 0.1 -0.9507594000002177
1.5 0.1 -0.9349796799998733
1.55 0.1 -0.912691759999968
1.6 0.1 -0.8845249600000247
1.65 0.1 -0.8513986799996996
1.7 0.1 -0.8144120800004313
1.75 0.1 -0.7747264399998913
1.8 0.1 -0.7334635999999531
1.85 0.1 -0.691630639999726
1.9 0.1 -0.650075160000443
1.95 0.1 -1.409724399999838
2.0 0.1 -0.5265961600001497
2.05 0.1 -0.41254151999926547
2.1 0.1 -0.3913651600004911
2.15 0.1 -0.37120936000018445
2.2 0.1 -0.3520361600003254
2.25 0.1 -0.3338136799991869
2.3 0.1 -0.3165120400001975
2.35 0.1 -0.30010220000041005
2.4 0.1 -0.2845547599996233
2.45 0.1 -0.26983972000020306
2.5 0.1 -0.25592587999980854
2.55 0.1 -0.24278163999985705
2.6 0.1 -0.23037484000099165
2.65 0.1 -0.2186733599986545
2.7 0.1 -0.20764524000043214
2.75 0.1 -0.19725908000061027
2.8 0.1 -0.18748475999927972
2.85 0.1 -0.1782929200006657
2.9 0.1 -0.16965587999919823
2.95 0.1 -0.16154748000025612
3.0 0.1 -0.15394260000078985
3.05 0.1 -0.14681783999961392
3.1 0.1 -0.14014975999899018
3.15 0.1 -0.1339147200009531
3.2 0.1 -0.12808668000019496
3.25 0.1 -0.12263463999957523
3.3 0.1 -0.11751999999956846
3.35 0.1 -0.11269272000079707
3.4 0.1 -0.10809087999987849
3.45 0.1 -0.1036418799998277
3.5 0.1 -0.09927131999885877
3.55 0.1 -0.09491680000154495
3.6 0.1 -0.09054439999971496
3.65 0.1 -0.08615864000063342
3.7 0.1 -0.08180191999795873
3.75 0.1 -0.07753960000189644
3.8 0.1 -0.07344139999929693
3.85 0.1 -0.06956364000032547
3.9 0.1 -0.06594151999874641
3.95 0.1 -0.06258812000186043
1.1 0.11 -0.9165289999995029
1.15 0.11 -0.9347732800001957
1.2 0.11 -0.9509650000001846
1.25 0.11 -0.9638706000000401
1.3 0.11 -0.972257559999793
1.35 0.11 -0.9750110399998794
1.4 0.11 -0.9712645600000548
1.45 0.11 -0.9605184000001492
1.5 0.11 -0.9427130400002459
1.55 0.11 -0.9182396399996358
1.6 0.11 -0.8878817599999453
1.65 0.11 -0.8527070400002977
1.7 0.11 -0.8139329599995222
1.75 0.11 -0.772796720000453
1.8 0.11 -0.7304508799997248
1.85 0.11 -0.6878941200003615
1.9 0.11 -0.9603548799994178
1.95 0.11 -1.1307700000003191
2.0 0.11 -0.43774240000034204
2.05 0.11 -0.41505123999944216
2.1 0.11 -0.39349723999997505
2.15 0.11 -0.3730272000006687
2.2 0.11 -0.35359815999953653
2.25 0.11 -0.3351721600000328
2.3 0.11 -0.3177142399998367
2.35 0.11 -0.3011904400002125
2.4 0.11 -0.28556716000025617
2.45 0.11 -0.2708109599992067
2.5 0.11 -0.2568882800005676
2.55 0.11 -0.24376636000033128
2.6 0.11 -0.2314127599994728
2.65 0.11 -0.21979639999991524
2.7 0.11 -0.20888792000022324
2.75 0.11 -0.19865947999995087
2.8 0.11 -0.18908536000026355
2.85 0.11 -0.18014111999939866
2.9 0.11 -0.17180304000064045
2.95 0.11 -0.1640455199994664
3.0 0.11 -0.156837040000824
3.05 0.11 -0.15013431999975121
3.1 0.11 -0.1438735599987232
3.15 0.11 -0.13796320000126022
3.2 0.11 -0.13227991999968983
3.25 0.11 -0.1266798400003215
3.3 0.11 -0.12102611999905413
3.35 0.11 -0.11523148000124489
3.4 0.11 -0.1092929199991492
3.45 0.11 -0.10329652000038472
3.5 0.11 -0.0973845599997775
3.55 0.11 -0.09170536000015113
3.6 0.11 -0.0863724399998492
3.65 0.11 -0.08144820000026727
3.7 0.11 -0.07694847999926105
3.75 0.11 -0.07285668000096518
3.8 0.11 -0.06913863999997741
3.85 0.11 -0.06575347999984184
3.9 0.11 -0.06266039999869266
3.95 0.11 -0.05982212000108479
1.1 0.12 -0.9342199600002521
1.15 0.12 -0.952349759999999
1.2 0.12 -0.9683607599996015
1.25 0.12 -0.9808398400004085
1.3 0.12 -0.9884034799995325
1.35 0.12 -0.9898379200006193
1.4 0.12 -0.9842526399996422
1.45 0.12 -0.971210639999848
1.5 0.12 -0.9507938800002369
1.55 0.12 -0.9235869599997621
1.6 0.12 -0.89058044000048
1.65 0.12 -0.8530238799995126
1.7 0.12 -0.8122648000000539
1.75 0.12 -0.7696078800002185
1.8 0.12 -0.7262149199998927
1.85 0.12 -0.6830505199999911
1.9 0.12 -1.38798260000002
1.95 0.12 -0.6385640800001334
2.0 0.12 -0.44063336000008824
2.05 0.12 -0.41748071999937464
2.1 0.12 -0.3955495600003203
2.15 0.12 -0.3747796000003569
2.2 0.12 -0.3551209599997675
2.25 0.12 -0.33652951999972025
2.3 0.12 -0.31896523999996096
2.35 0.12 -0.3023905200007421
2.4 0.12 -0.2867694799999053
2.45 0.12 -0.2720687999991863
2.5 0.12 -0.25825696000012593
2.55 0.12 -0.2453060000005345
2.6 0.12 -0.23319036000018029
2.65 0.12 -0.22188863999894495
2.7 0.12 -0.21138116000045745
2.75 0.12 -0.20164828000068694
2.8 0.12 -0.1926639599993514
2.85 0.12 -0.18438448000019828
2.9 0.12 -0.17673075999979979
2.95 0.12 -0.16956760000019686
3.0 0.12 -0.16268736000029152
3.05 0.12 -0.1558245999994773
3.1 0.12 -0.14871616000007667
3.15 0.12 -0.14120304000003006
3.2 0.12 -0.1333132000006292
3.25 0.12 -0.1252589999992897
3.3 0.12 -0.11734195999975876
3.35 0.12 -0.10983416000017895
3.4 0.12 -0.10290832000094988
3.45 0.12 -0.09662903999938556
3.5 0.12 -0.09098371999881345
3.55 0.12 -0.08591692000154037
3.6 0.12 -0.08135787999989959
3.65 0.12 -0.07723607999992083
3.7 0.12 -0.07348823999859772
3.75 0.12 -0.07006028000122695
3.8 0.12 -0.06690764000012474
3.85 0.12 -0.0639936000006005
3.9 0.12 -0.06128815999812932
3.95 0.12 -0.05876672000115737
1.1 0.13 -0.955515680000122
1.15 0.13 -0.9733763199999804
1.2 0.13 -0.9890233600000222
1.25 0.13 -1.000794040000125
1.3 0.13 -1.0071084799999843
1.35 0.13 -1.0066435599998815
1.4 0.13 -0.9985155599999054
1.45 0.13 -0.9824164400001171
1.5 0.13 -0.9586559200002432
1.55 0.13 -0.928094479999681
1.6 0.13 -0.8919881600000711
1.65 0.13 -0.8517922399999244
1.7 0.13 -0.8089759200000686
1.75 0.13 -0.7648798800001758
1.8 0.13 -0.7206355599997519
1.85 0.13 -1.014338239999896
1.9 0.13 -1.1533892000002806
1.95 0.13 -0.46838616000002026
2.0 0.13 -0.4433885999999736
2.05 0.13 -0.41979987999977153
2.1 0.13 -0.39753463999972066
2.15 0.13 -0.3765252400009069
2.2 0.13 -0.35671563999955097
2.25 0.13 -0.33805803999971396
2.3 0.13 -0.3205115600000064
2.35 0.13 -0.304041520000567
2.4 0.13 -0.2886194000002017
2.45 0.13 -0.27422399999916214
2.5 0.13 -0.26084116000007024
2.55 0.13 -0.24846308000027273
2.6 0.13 -0.237083400000416
2.65 0.13 -0.2266854399993511
2.7 0.13 -0.21721695999943413
2.75 0.13 -0.20854924000110908
2.8 0.13 -0.20042523999990253
2.85 0.13 -0.19243255999961026
2.9 0.13 -0.1840647999998175
2.95 0.13 -0.17491068000032767
3.0 0.13 -0.16488584000029563
3.05 0.13 -0.1543125200001333
3.1 0.13 -0.1437501999991745
3.15 0.13 -0.1337245600001406
3.2 0.13 -0.12455872000032331
3.25 0.13 -0.11636036000055625
3.3 0.13 -0.10909263999861749
3.35 0.13 -0.10265144000060235
3.4 0.13 -0.09691508000102579
3.45 0.13 -0.09177019999881995
3.5 0.13 -0.08712079999964882
3.55 0.13 -0.08288796000103416
3.6 0.13 -0.07900931999955702
3.65 0.13 -0.0754345600007869
3.7 0.13 -0.07212391999797912
3.75 0.13 -0.06904496000177358
3.8 0.13 -0.06617115999958424
3.85 0.13 -0.06348092000081373
3.9 0.13 -0.060955719998334275
3.95 0.13 -0.05858004000063279
1.1 0.14 -0.981298399999634
1.15 0.14 -0.9985851999999742
1.2 0.14 -1.0135141200002842
1.25 0.14 -1.0240744800000756
1.3 0.14 -1.0284415599997478
1.35 0.14 -1.0251958400001315
1.4 0.14 -1.0135359199999563
1.45 0.14 -0.9934011999998607
1.5 0.14 -0.9654552000000683
1.55 0.14 -0.9309306000002188
1.6 0.14 -0.8913931199995094
1.65 0.14 -0.848494680000642
1.7 0.14 -0.8037780799995204
1.75 0.14 -0.7585587200001203
1.8 0.14 -0.7138813200001007
1.85 0.14 -1.5161593599998389
1.9 0.14 -0.572415919999971
1.95 0.14 -0.4715158000003303
2.0 0.14 -0.4460357199997949
2.05 0.14 -0.4220985199999005
2.1 0.14 -0.39961243999967844
2.15 0.14 -0.3785064800007001
2.2 0.14 -0.3587270000000599
2.25 0.14 -0.34023467999933205
2.3 0.14 -0.3230062400000045
2.35 0.14 -0.3070336800005153
2.4 0.14 -0.2923258399999195
2.45 0.14 -0.2789027599997492
2.5 0.14 -0.26677979999973994
2.55 0.14 -0.25592596000100304
2.6 0.14 -0.24618275999941464
2.65 0.14 -0.2371484799996258
2.7 0.14 -0.2281011200004465
2.75 0.14 -0.21812755999994654
2.8 0.14 -0.20655916000009783
2.85 0.14 -0.19345215999941776
2.9 0.14 -0.17960772000051925
2.95 0.14 -0.16606787999981965
3.0 0.14 -0.15359640000056685
3.05 0.14 -0.14251579999964342
3.1 0.14 -0.13282171999875841
3.15 0.14 -0.12435404000144357
3.2 0.14 -0.11691260000006351
3.25 0.14 -0.1103127999996904
3.3 0.14 -0.10440139999912945
3.35 0.14 -0.09905824000101707
3.4 0.14 -0.0941898000000666
3.45 0.14 -0.08972380000003032
3.5 0.14 -0.08560375999918389
3.55 0.14 -0.08178500000072432
3.6 0.14 -0.07823139999985101
3.65 0.14 -0.07491372000032497
3.7 0.14 -0.07180747999879739
3.75 0.14 -0.06889224000121671
3.8 0.14 -0.06615039999928764
3.85 0.14 -0.0635670000008306
3.9 0.14 -0.061128759998440814
3.95 0.14 -0.05882424000165334
1.1 0.15 -1.0127355599998147
1.15 0.15 -1.028867719999832
1.2 0.15 -1.042415720000282
1.25 0.15 -1.0508912799998826
1.3 0.15 -1.0521916400001878
1.35 0.15 -1.0448728000000018
1.4 0.15 -1.028370799999582
1.45 0.15 -1.0030594000003337
1.5 0.15 -0.9701092000000279
1.55 0.15 -0.9312005999998213
1.6 0.15 -0.8881964800000506
1.65 0.15 -0.8428706800000052
1.7 0.15 -0.7967418399999843
1.75 0.15 -0.7510136400000493
1.8 0.15 -1.197370160000237
1.85 0.15 -1.015547039999726
1.9 0.15 -0.5022387999996898
1.95 0.15 -0.47458716000043666
2.0 0.15 -0.4487753600001659
2.05 0.15 -0.4246812799993704
2.1 0.15 -0.4022201200001444
2.15 0.15 -0.38134004000067073
2.2 0.15 -0.36202123999977814
2.25 0.15 -0.3442791999993115
2.3 0.15 -0.32816368000040735
2.35 0.15 -0.3137470000003334
2.4 0.15 -0.3010775199999937
2.45 0.15 -0.2900593199991415
2.5 0.15 -0.2802305600006615
2.55 0.15 -0.2705246000002667
2.6 0.15 -0.25936347999930925
2.65 0.15 -0.24545699999998097
2.7 0.15 -0.2288568800004506
2.75 0.15 -0.2110280800001518
2.8 0.15 -0.1937640800001368
2.85 0.15 -0.1782049599990722
2.9 0.15 -0.16468868000032502
2.95 0.15 -0.15307300000038024
3.0 0.15 -0.14304776000031488
3.05 0.15 -0.13430027999987762
3.1 0.15 -0.1265710799988533
3.15 0.15 -0.11966032000103091
3.2 0.15 -0.11341796000011546
3.25 0.15 -0.10773123999925399
3.3 0.15 -0.10251508000009348
3.35 0.15 -0.09770348000047005
3.4 0.15 -0.09324472000003003
3.45 0.15 -0.08909724000005813
3.5 0.15 -0.08522715999928775
3.55 0.15 -0.08160616000013789
3.6 0.15 -0.07821040000095564
3.65 0.15 -0.0750195199991313
3.7 0.15 -0.07201583999969469
3.75 0.15 -0.06918372000117541
3.8 0.15 -0.06650975999917842
3.85 0.15 -0.0639817600003314
3.9 0.15 -0.06158883999955978
3.95 0.15 -0.05932124000014273
1.1 0.16 -1.0513537600001437
1.15 0.16 -1.0652441200001248
1.2 0.16 -1.0762043599996256
1.25 0.16 -1.0811180000000973
1.3 0.16 -1.0776356000000924
1.35 0.16 -1.0644769600002433
1.4 0.16 -1.0415823599995415
1.45 0.16 -1.0099967200002116
1.5 0.16 -0.9715165999999477
1.55 0.16 -0.9282482800003272
1.6 0.16 -0.8822302799995216
1.65 0.16 -0.8352017200003425
1.7 0.16 -0.7885250399997573
1.75 0.16 -0.8730199200002129
1.8 0.16 -1.4568661199998496
1.85 0.16 -0.5360432399999808
1.9 0.16 -0.5058804000000823
1.95 0.16 -0.477960759999971
2.0 0.16 -0.452130279999931
2.05 0.16 -0.42830012000001133
2.1 0.16 -0.40644699999958045
2.15 0.16 -0.38661676000099526
2.2 0.16 -0.3689278399996012
2.25 0.16 -0.3535456799997031
2.3 0.16 -0.34057263999968457
2.35 0.16 -0.3297472000008099
2.4 0.16 -0.31991936000004384
2.45 0.16 -0.308727359999022
2.5 0.16 -0.2935221600004933
2.55 0.16 -0.27357672000055755
2.6 0.16 -0.25099879999999164
2.65 0.16 -0.22887027999893717
2.7 0.16 -0.2091473200003698
2.75 0.16 -0.19232904000054848
2.8 0.16 -0.17812063999969105
2.85 0.16 -0.16601159999987036
2.9 0.16 -0.1555330000002192
2.95 0.16 -0.14632132000023035
3.0 0.16 -0.13811063999966727
3.05 0.16 -0.13070884000043795
3.1 0.16 -0.12397559999868624
3.15 0.16 -0.11780684000115053
3.2 0.16 -0.1121227200002299
3.25 0.16 -0.10686151999977726
3.3 0.16 -0.10197323999860454
3.35 0.16 -0.09741748000167531
3.4 0.16 -0.09316031999944163
3.45 0.16 -0.08917331999995813
3.5 0.16 -0.08543183999988056
3.55 0.16 -0.0819146400000821
3.6 0.16 -0.07860300000075454
3.65 0.16 -0.07548063999891523
3.7 0.16 -0.07253263999983123
3.75 0.16 -0.06974600000079396
3.8 0.16 -0.06710908000044948
3.85 0.16 -0.06461087999909433
3.9 0.16 -0.06224207999960785
3.95 0.16 -0.059993640001065565
1.1 0.17 -1.0990951599996674
1.15 0.17 -1.1087336800002785
1.2 0.17 -1.114980440000228
1.25 0.17 -1.1139657199997484
1.3 0.17 -1.1032776800000472
1.35 0.17 -1.082160159999995
1.4 0.17 -1.0514065999998972
1.45 0.17 -1.0129061200000624
1.5 0.17 -0.9690330400001591
1.55 0.17 -0.9221155199995175
1.6 0.17 -0.8741183200005085
1.65 0.17 -0.8265470399997676
1.7 0.17 -0.7805027199999898
1.75 0.17 -1.425427800000271
1.8 0.17 -0.8051464399997628
1.85 0.17 -0.5404855199998309
1.9 0.17 -0.5101916000004554
1.95 0.17 -0.48251907999947463
2.0 0.17 -0.45741008000051037
2.05 0.17 -0.4349382799996503
2.1 0.17 -0.4153201999997617
2.15 0.17 -0.3988780800004911
2.2 0.17 -0.3858176800001459
2.25 0.17 -0.37556539999943594
2.3 0.17 -0.36567212000021904
2.35 0.17 -0.35168068000051267
2.4 0.17 -0.33020471999947293
2.45 0.17 -0.30276344000010286
2.5 0.17 -0.2743298799991588
2.55 0.17 -0.2487669200012541
2.6 0.17 -0.22725655999948993
2.65 0.17 -0.20941132000040663
2.7 0.17 -0.19443687999896112
2.75 0.17 -0.1816229600007703
2.8 0.17 -0.17044364000042894
2.85 0.17 -0.16053023999895635
2.9 0.17 -0.15162624000026934
2.95 0.17 -0.14354912000107334
3.0 0.17 -0.13616635999937945
3.05 0.17 -0.12937799999974733
3.1 0.17 -0.12310675999928235
3.15 0.17 -0.11729120000110997
3.2 0.17 -0.11188116000013833
3.25 0.17 -0.10683495999971131
3.3 0.17 -0.10211743999916702
3.35 0.17 -0.09769824000074703
3.4 0.17 -0.09355127999981538
3.45 0.17 -0.08965344000060359
3.5 0.17 -0.08598443999870707
3.55 0.17 -0.0825262000009448
3.6 0.17 -0.07926263999991107
3.65 0.17 -0.07617908000057155
3.7 0.17 -0.07326255999840786
3.75 0.17 -0.07050108000145235
3.8 0.17 -0.0678839599991934
3.85 0.17 -0.06540120000053685
3.9 0.17 -0.0630440399991713
3.95 0.17 -0.060804040000616795
1.1 0.18 -1.1583104799996178
1.15 0.18 -1.160046400000419
1.2 0.18 -1.158033959999831
1.25 0.18 -1.1476411200000252
1.3 0.18 -1.126808840000137
1.35 0.18 -1.0957752399999463
1.4 0.18 -1.056407919999817
1.45 0.18 -1.0113215200000472
1.5 0.18 -0.9631202400001405
1.55 0.18 -0.9139660399998868
1.6 0.18 -0.865462880000226
1.65 0.18 -0.8187418399994907
1.7 0.18 -1.1344089200004999
1.75 0.18 -1.1965767999995982
1.8 0.18 -0.5792099600004285
1.85 0.18 -0.5462445599995618
1.9 0.18 -0.5166970400004819
1.95 0.18 -0.49062827999968045
2.0 0.18 -0.4683620400003824
2.05 0.18 -0.45045023999916484
2.1 0.18 -0.4372979600002862
2.15 0.18 -0.427889280000675
2.2 0.18 -0.4177148399996626
2.25 0.18 -0.3994310399994895
2.3 0.18 -0.36986512000004934
2.35 0.18 -0.33444688000064104
2.4 0.18 -0.30077372000008146
2.45 0.18 -0.2723545999993856
2.5 0.18 -0.24918144000025766
2.55 0.18 -0.23011371999975927
2.6 0.18 -0.21405292000054107
2.65 0.18 -0.20019967999922345
2.7 0.18 -0.18801404000043997
2.75 0.18 -0.17713320000018923
2.8 0.18 -0.16730780000031645
2.85 0.18 -0.15836007999916385
2.9 0.18 -0.15836007999916385
2.95 0.18 -0.15836007999916385
3.0 0.18 -0.12913483999952338
3.05 0.18 -0.12913483999952338
3.1 0.18 -0.12310215999890174
3.15 0.18 -0.11747536000142604
3.2 0.18 -0.11221623999944126
3.25 0.18 -0.10729152000053015
3.3 0.18 -0.10267239999890822
3.35 0.18 -0.09833312000069708
3.4 0.18 -0.09425124000017637
3.45 0.18 -0.09040631999965885
3.5 0.18 -0.08678019999988916
3.55 0.18 -0.0833565600000159
3.6 0.18 -0.08012060000055528
3.65 0.18 -0.07705884000017732
3.7 0.18 -0.07415911999869312
3.75 0.18 -0.07141036000065844
3.8 0.18 -0.06880216000055864
3.85 0.18 -0.06632555999956959
3.9 0.18 -0.06397159999917933
3.95 0.18 -0.06173284000143798
1.1 0.19 -1.2317053599996841
1.15 0.19 -1.2191403200002717
1.2 0.19 -1.2034996800000684
1.25 0.19 -1.1794843600000542
1.3 0.19 -1.1458568799998399
1.35 0.19 -1.1040332000000261
1.4 0.19 -1.0566587999999693
1.45 0.19 -1.006484839999894
1.5 0.19 -0.9557652400001649
1.55 0.19 -0.9061088399999259
1.6 0.19 -0.8585937199999479
1.65 0.19 -0.864283759999993
1.7 0.19 -1.558848040000177
1.75 0.19 -0.6232728800000553
1.8 0.19 -0.5873286799996457
1.85 0.19 -0.5560510400002242
1.9 0.19 -0.5298028000002138
1.95 0.19 -0.5093799999997346
2.0 0.19 -0.4954941199999858
2.05 0.19 -0.4866899599998727
2.1 0.19 -0.47586228000006503
2.15 0.19 -0.4522983600002182
2.2 0.19 -0.41398900000011596
2.25 0.19 -0.3709276799997576
2.3 0.19 -0.33246799999950066
2.35 0.19 -0.3011631600011528
2.4 0.19 -0.2759338799990029
2.45 0.19 -0.2551337600005863
2.5 0.19 -0.23749419999958915
2.55 0.19 -0.22217079999981118
2.6 0.19 -0.2086139200010003
2.65 0.19 -0.19645831999874802
2.7 0.19 -0.1854511200008353
2.75 0.19 -0.17541043999975597
2.8 0.19 -0.16619956000028027
2.85 0.19 -0.15771215999955596
2.9 0.19 -0.14986292000003285
2.95 0.19 -0.14258224000065414
3.0 0.19 -0.13581123999912895
3.05 0.19 -0.12950008000061122
3.1 0.19 -0.12360599999937817
3.15 0.19 -0.11809136000052449
3.2 0.19 -0.11292344000040129
3.25 0.19 -0.10807307999911625
3.3 0.19 -0.10351435999964964
3.35 0.19 -0.09922428000124608
3.4 0.19 -0.09518195999973533
3.45 0.19 -0.09136875999971071
3.5 0.19 -0.08776775999918615
3.55 0.19 -0.08436340000160092
3.6 0.19 -0.08114207999909724
3.65 0.19 -0.07809080000029694
3.7 0.19 -0.0751979999993853
3.75 0.19 -0.07245316000025387
3.8 0.19 -0.06984640000027323
3.85 0.19 -0.06736884000062583
3.9 0.19 -0.06501223999860493
3.95 0.19 -0.06276900000047514
1.1 0.2 -2.104510319999878
1.15 0.2 -1.2853669599998272
1.2 0.2 -1.2491400000001862
1.25 0.2 -1.2075942000002662
1.3 0.2 -1.1600154399996396
1.35 0.2 -1.1082525200002575
1.4 0.2 -1.054745319999743
1.45 0.2 -1.0015583200001235
1.5 0.2 -0.9501227599997752
1.55 0.2 -0.901337120000529
1.6 0.2 -0.8557740399993493
1.65 0.2 -1.4468885200006387
1.7 0.2 -0.8786015599994843
1.75 0.2 -0.6354088800001956
1.8 0.2 -0.6028613600001641
1.85 0.2 -0.5778247599994981
1.9 0.2 -0.5612538400004772
1.95 0.2 -0.5514616799999288
2.0 0.2 -0.5392265999999887
2.05 0.2 -0.5108394799999666
2.1 0.2 -0.46506423999942814
2.15 0.2 -0.41525136000092777
2.2 0.2 -0.3718969999997781
2.25 0.2 -0.33696503999951766
2.3 0.2 -0.3087862800004537
2.35 0.2 -0.2854361999998363
2.4 0.2 -0.2655329600003152
2.45 0.2 -0.24817883999925217
2.5 0.2 -0.2327918400006021
2.55 0.2 -0.21898159999954697
2.6 0.2 -0.20647460000091727
2.65 0.2 -0.19507107999907522
2.7 0.2 -0.18461840000014784
2.75 0.2 -0.17499696000036108
2.8 0.2 -0.16610963999994569
2.85 0.2 -0.15787619999962837
2.9 0.2 -0.15022919999978565
2.95 0.2 -0.14311092000105421
3.0 0.2 -0.1364715199997595
3.05 0.2 -0.13026743999944349
3.1 0.2 -0.12446067999975097
3.15 0.2 -0.11901728000039682
3.2 0.2 -0.11390732000009547
3.25 0.2 -0.10910384000055767
3.3 0.2 -0.104582879998531
3.35 0.2 -0.10032264000116643
3.4 0.2 -0.09630360000017858
3.45 0.2 -0.09250799999946968
3.5 0.2 -0.08891983999929695
3.55 0.2 -0.08552424000101543
3.6 0.2 -0.08230803999964593
3.65 0.2 -0.0792588800003105
3.7 0.2 -0.07636563999936245
3.75 0.2 -0.07361808000071651
3.8 0.2 -0.07100671999964472
3.85 0.2 -0.06852276000017835
3.9 0.2 -0.06615851999965693
3.95 0.2 -0.0639062400000686
1.1 0.21 -1.4386700800002934
1.15 0.21 -1.3601508000000633
1.2 0.21 -1.2956750799997299
1.25 0.21 -1.2340799200000352
1.3 0.21 -1.1730227600001084
1.35 0.21 -1.1130609599998504
1.4 0.21 -1.0552834400002136
1.45 0.21 -1.000526640000027
1.5 0.21 -0.9492705199999596
1.55 0.21 -0.9017521599996977
1.6 0.21 -1.3348623600002487
1.65 0.21 -1.0812067599999717
1.7 0.21 -0.6933977199999244
1.75 0.21 -0.660024160000102
1.8 0.21 -0.6368407200000115
1.85 0.21 -0.6221717199998944
1.9 0.21 -0.606719680000014
1.95 0.21 -0.575691200000247
2.0 0.21 -0.5261076799998784
2.05 0.21 -0.47107479999963536
2.1 0.21 -0.42216756000001227
2.15 0.21 -0.38214960000050774
2.2 0.21 -0.34956844000007103
2.25 0.21 -0.3224543199997126
2.3 0.21 -0.2993199599995144
2.35 0.21 -0.2791684800006496
2.4 0.21 -0.26133699999988474
2.45 0.21 -0.24537284000014073
2.5 0.21 -0.23095367999914712
2.55 0.21 -0.2178414800011274
2.6 0.21 -0.20585379999929893
2.65 0.21 -0.19484632000038257
2.7 0.21 -0.18470223999925994
2.75 0.21 -0.17532504000121646
2.8 0.21 -0.16663359999924468
2.85 0.21 -0.15855855999995422
2.9 0.21 -0.15104044000011693
2.95 0.21 -0.14402736000014216
3.0 0.21 -0.13747400000028215
3.05 0.21 -0.13134003999937297
3.1 0.21 -0.12559035999942947
3.15 0.21 -0.12019288000103259
3.2 0.21 -0.11511964000021675
3.25 0.21 -0.1103449600002197
3.3 0.21 -0.10584603999859553
3.35 0.21 -0.10160212000044967
3.4 0.21 -0.09759452000039949
3.45 0.21 -0.09380616000030739
3.5 0.21 -0.090221399998986
3.55 0.21 -0.08682636000075082
3.6 0.21 -0.08360783999989992
3.65 0.21 -0.08055416000019051
3.7 0.21 -0.07765431999940689
3.75 0.21 -0.0748984800007864
3.8 0.21 -0.07227743999962426
3.85 0.21 -0.06978251999996157
3.9 0.21 -0.06740623999915449
3.95 0.21 -0.06514112000134596
1.1 0.22 -1.5931534000003478
1.15 0.22 -1.4511964399996835
1.2 0.22 -1.3500912400004998
1.25 0.22 -1.266209359999586
1.3 0.22 -1.1918121600000828
1.35 0.22 -1.1242985999999118
1.4 0.22 -1.062652880000318
1.45 0.22 -1.0062994799994787
1.5 0.22 -0.9547856000004663
1.55 0.22 -1.403926079999699
1.6 0.22 -1.1008053600001184
1.65 0.22 -0.7638286800002406
1.7 0.22 -0.7279122399996422
1.75 0.22 -0.702297560000172
1.8 0.22 -0.6798949199996709
1.85 0.22 -0.6478870000005764
1.9 0.22 -0.5993349199997077
1.95 0.22 -0.541833559999813
2.0 0.22 -0.48695376000034324
2.05 0.22 -0.43997459999962396
2.1 0.22 -0.4009535200001505
2.15 0.22 -0.36832864000021975
2.2 0.22 -0.3405689200000962
2.25 0.22 -0.31652443999934665
2.3 0.22 -0.295383760000335
2.35 0.22 -0.27657392000054976
2.4 0.22 -0.25968115999930413
2.45 0.22 -0.24439755999973703
2.5 0.22 -0.23048792000040036
2.55 0.22 -0.2177668000006327
2.6 0.22 -0.20608555999929018
2.65 0.22 -0.1953220399999534
2.7 0.22 -0.18537444000016623
2.75 0.22 -0.17615664000039016
2.8 0.22 -0.1675953199999475
2.85 0.22 -0.1596265199987892
2.9 0.22 -0.15219540000117657
2.95 0.22 -0.14525307999995107
3.0 0.22 -0.13875707999986325
3.05 0.22 -0.13266915999992127
3.1 0.22 -0.12695579999943019
3.15 0.22 -0.12158672000054095
3.2 0.22 -0.11653464000076538
3.25 0.22 -0.11177523999919044
3.3 0.22 -0.10728655999913293
3.35 0.22 -0.10304836000144257
3.4 0.22 -0.09904271999943183
3.45 0.22 -0.09525304000064272
3.5 0.22 -0.09166423999829428
3.55 0.22 -0.08826256000163243
3.6 0.22 -0.08503551999936607
3.65 0.22 -0.08197144000092778
3.7 0.22 -0.07905979999845728
3.75 0.22 -0.07629080000087955
3.8 0.22 -0.07365543999995365
3.85 0.22 -0.0711454799997571
3.9 0.22 -0.06875319999975779
3.95 0.22 -0.066471640000589
1.1 0.23 -2.9496708400003575
1.15 0.23 -1.5671316399998774
1.2 0.23 -1.4209873200002272
1.25 0.23 -1.3113303599997226
1.3 0.23 -1.221881680000081
1.35 0.23 -1.14555880000004
1.4 0.23 -1.0787883199999053
1.45 0.23 -1.0687049600001273
1.5 0.23 -1.636532119999862
1.55 0.23 -0.9025756799999792
1.6 0.23 -0.8458409599999358
1.65 0.23 -0.8021059200004156
1.7 0.23 -0.7667735599994813
1.75 0.23 -0.7309247200001995
1.8 0.23 -0.6853292800002488
1.85 0.23 -0.6290276399997874
1.9 0.23 -0.5695411999997921
1.95 0.23 -0.5143956000004807
2.0 0.23 -0.4666512399998729
2.05 0.23 -0.4261929199993885
2.1 0.23 -0.39182308000035665
2.15 0.23 -0.36229112000018465
2.2 0.23 -0.33658204000026737
2.25 0.23 -0.3139305199996639
2.3 0.23 -0.2937679999998732
2.35 0.23 -0.275668560000247
2.4 0.23 -0.2593075599996562
2.45 0.23 -0.24443236000048477
2.5 0.23 -0.23084255999919007
2.55 0.23 -0.21837612000059953
2.6 0.23 -0.20689976000056803
2.65 0.23 -0.1963024799986613
2.7 0.23 -0.18649012000082688
2.75 0.23 -0.17738292000023653
2.8 0.23 -0.16891147999942352
2.85 0.23 -0.16101580000005192
2.9 0.23 -0.153643480000199
2.95 0.23 -0.1467480800000135
3.0 0.23 -0.1402886800001118
3.05 0.23 -0.13422900000037477
3.1 0.23 -0.12853623999875483
3.15 0.23 -0.12318152000103601
3.2 0.23 -0.11813835999987574
3.25 0.23 -0.11338332000008262
3.3 0.23 -0.10889475999861395
3.35 0.23 -0.1046534800013793
3.4 0.23 -0.10064160000027336
3.45 0.23 -0.09684323999934498
3.5 0.23 -0.09324363999965563
3.55 0.23 -0.08982920000050806
3.6 0.23 -0.08658791999992341
3.65 0.23 -0.08350820000018218
3.7 0.23 -0.0805798399991793
3.75 0.23 -0.07779312000082819
3.8 0.23 -0.07513936000052039
3.85 0.23 -0.07261039999946232
3.9 0.23 -0.07019847999925906
3.95 0.23 -0.0678969200005671
1.1 0.24 -2.365601119999647
1.15 0.24 -2.7431446800001233
1.2 0.24 -1.5460660800002357
1.25 0.24 -1.3713253999995272
1.3 0.24 -1.2642353600003986
1.35 0.24 -1.3064273199997631
1.4 0.24 -1.5396416400001611
1.45 0.24 -1.0931208799998813
1.5 0.24 -1.0066201200000826
1.55 0.24 -0.9370541999999155
1.6 0.24 -0.8811506400000755
1.65 0.24 -0.8334090399998084
1.7 0.24 -0.7858623200004217
1.75 0.24 -0.7318336399997311
1.8 0.24 -0.6710491199999803
1.85 0.24 -0.6089373999998283
1.9 0.24 -0.5511454800000612
1.95 0.24 -0.5003640800001792
2.0 0.24 -0.45678368000019615
2.05 0.24 -0.41949359999966296
2.1 0.24 -0.38736691999972234
2.15 0.24 -0.3594039600007351
2.2 0.24 -0.3348072399994451
2.25 0.24 -0.31296300000061283
2.3 0.24 -0.29340123999901485
2.35 0.24 -0.2757593600006544
2.4 0.24 -0.2597538400003439
2.45 0.24 -0.24515903999950386
2.5 0.24 -0.2317933199996966
2.55 0.24 -0.21950712000038725
2.6 0.24 -0.20817672000035334
2.65 0.24 -0.19769743999897288
2.7 0.24 -0.18798092000054178
2.75 0.24 -0.17895056000062487
2.8 0.24 -0.1705406399992177
2.85 0.24 -0.16269348000030795
2.9 0.24 -0.15535860000000012
2.95 0.24 -0.1484913200000096
3.0 0.24 -0.1420520800003549
3.05 0.24 -0.13600571999958835
3.1 0.24 -0.13032051999930447
3.15 0.24 -0.12496828000108029
3.2 0.24 -0.11992343999978104
3.25 0.24 -0.11516295999953781
3.3 0.24 -0.11066587999949581
3.35 0.24 -0.10641332000132785
3.4 0.24 -0.10238799999982043
3.45 0.24 -0.09857419999974616
3.5 0.24 -0.09495747999935084
3.55 0.24 -0.09152456000080585
3.6 0.24 -0.08826368000001171
3.65 0.24 -0.08516340000000819
3.7 0.24 -0.08221367999865015
3.75 0.24 -0.07940504000132756
3.8 0.24 -0.076728759999867
3.85 0.24 -0.07417692000046854
3.9 0.24 -0.07174195999835892
3.95 0.24 -0.06941712000129348
1.1 0.25 -2.4176301199993673
1.15 0.25 -2.219995800000502
1.2 0.25 -1.9365268799997961
1.25 0.25 -1.6954719600000965
1.3 0.25 -1.5051928399998369
1.35 0.25 -1.3517625600002177
1.4 0.25 -1.225913359999713
1.45 0.25 -1.1224770000001822
1.5 0.25 -1.0378742800000433
1.55 0.25 -0.9683133599999343
1.6 0.25 -0.9083944000000376
1.65 0.25 -0.8510278399999159
1.7 0.25 -0.790174400000157
1.75 0.25 -0.7246668799996986
1.8 0.25 -0.6582974000000542
1.85 0.25 -0.5959448800002288
1.9 0.25 -0.5404847599997727
1.95 0.25 -0.49251040000015417
2.0 0.25 -0.4513418800004237
2.05 0.25 -0.41589971999931086
2.1 0.25 -0.38513539999982666
2.15 0.25 -0.3581715200007255
2.2 0.25 -0.33431479999955666
2.25 0.25 -0.31302692000021726
2.3 0.25 -0.293890559999711
2.35 0.25 -0.27657864000022975
2.4 0.25 -0.26083228000004605
2.45 0.25 -0.24644303999987163
2.5 0.25 -0.2332410400001103
2.55 0.25 -0.22108583999956072
2.6 0.25 -0.2098598800010628
2.65 0.25 -0.19946387999875698
2.7 0.25 -0.18981268000075668
2.75 0.25 -0.18083320000007577
2.8 0.25 -0.17246183999972747
2.85 0.25 -0.16464279999959164
2.9 0.25 -0.15732740000018508
2.95 0.25 -0.1504721200004769
3.0 0.25 -0.1440386399998777
3.05 0.25 -0.1379925999998482
3.1 0.25 -0.13230319999992732
3.15 0.25 -0.12694272000031082
3.2 0.25 -0.1218864399994861
3.25 0.25 -0.1171116000008969
3.3 0.25 -0.11259779999876092
3.35 0.25 -0.10832648000046183
3.4 0.25 -0.10428080000082256
3.45 0.25 -0.10044503999893131
3.5 0.25 -0.0968052400001879
3.55 0.25 -0.09334852000036648
3.6 0.25 -0.09006267999964766
3.65 0.25 -0.0869371600010996
3.7 0.25 -0.08396151999832524
3.75 0.25 -0.0811267200009609
3.8 0.25 -0.07842408000016149
3.85 0.25 -0.07584563999927267
3.9 0.25 -0.07338411999994815
3.95 0.25 -0.07103264000066074
1.1 0.26 -2.4673046000000287
1.15 0.26 -2.2457805599998273
1.2 0.26 -1.9599070800001852
1.25 0.26 -1.718959479999773
1.3 0.26 -1.528958480000143
1.35 0.26 -1.3767796399999737
1.4 0.26 -1.2527832400000039
1.45 0.26 -1.1510184399998673
1.5 0.26 -1.066767960000096
1.55 0.26 -0.9946020400000979
1.6 0.26 -0.9277731200001005
1.65 0.26 -0.8600315999998863
1.7 0.26 -0.7889608799995812
1.75 0.26 -0.7170014000006792
1.8 0.26 -0.6486471999995326
1.85 0.26 -0.5871786800000192
1.9 0.26 -0.5336790800001286
1.95 0.26 -0.487712920000047
2.0 0.26 -0.44822592000017975
2.05 0.26 -0.41408547999947976
2.1 0.26 -0.38430036000001305
2.15 0.26 -0.3580690800004208
2.2 0.26 -0.33476316000040757
2.25 0.26 -0.31389355999874635
2.3 0.26 -0.29507796000061254
2.35 0.26 -0.27801448000037104
2.4 0.26 -0.2624617199998634
2.45 0.26 -0.24822391999943827
2.5 0.26 -0.23514036000022193
2.55 0.26 -0.2230774800009249
2.6 0.26 -0.21192275999908436
2.65 0.26 -0.2015806799998188
2.7 0.26 -0.19196936000014445
2.75 0.26 -0.18301808000036682
2.8 0.26 -0.17466492000012107
2.85 0.26 -0.16685615999941472
2.9 0.26 -0.15954380000024193
2.95 0.26 -0.15268596000033083
3.0 0.26 -0.14624487999981337
3.05 0.26 -0.14018700000022527
3.1 0.26 -0.1344823599990434
3.15 0.26 -0.12910360000075657
3.2 0.26 -0.12402652000034253
3.25 0.26 -0.11922879999986023
3.3 0.26 -0.11469051999854979
3.35 0.26 -0.1103931600016311
3.4 0.26 -0.10632015999974025
3.45 0.26 -0.10245643999979884
3.5 0.26 -0.0987876799993698
3.55 0.26 -0.09530156000066851
3.6 0.26 -0.09198596000032955
3.65 0.26 -0.08883019999998996
3.7 0.26 -0.08582435999898007
3.75 0.26 -0.08295912000050931
3.8 0.26 -0.08022624000076946
3.85 0.26 -0.07761743999950915
3.9 0.26 -0.07512587999911129
3.95 0.26 -0.07274440000089438
1.1 0.27 -2.5109366000002398
1.15 0.27 -2.259155560000169
1.2 0.27 -1.9776103199998145
1.25 0.27 -1.7420317599999087
1.3 0.27 -1.5542418400002644
1.35 0.27 -1.4034398399996086
1.4 0.27 -1.2807211200001989
1.45 0.27 -1.1795690399999552
1.5 0.27 -1.0939076400003285
1.55 0.27 -1.0168183199997518
1.6 0.27 -0.9414352799996839
1.65 0.27 -0.8639094400002855
1.7 0.27 -0.7853010400001664
1.75 0.27 -0.7097589599997141
1.8 0.27 -0.6410694800003137
1.85 0.27 -0.5809197599997842
1.9 0.27 -0.5291878399997804
1.95 0.27 -0.484858440000477
2.0 0.27 -0.44669891999995653
2.05 0.27 -0.41357707999933657
2.1 0.27 -0.3845564800002435
2.15 0.27 -0.35889592000062176
2.2 0.27 -0.3360173599997308
2.25 0.27 -0.31546939999981316
2.3 0.27 -0.29689723999979484
2.35 0.27 -0.28001876000064946
2.4 0.27 -0.26460651999968926
2.45 0.27 -0.2504750799995379
2.5 0.27 -0.23747128000052603
2.55 0.27 -0.22546679999966615
2.6 0.27 -0.21435356000054714
2.65 0.27 -0.2040392399993152
2.7 0.27 -0.19444444000029718
2.75 0.27 -0.18550024000039478
2.8 0.27 -0.17714667999939657
2.85 0.27 -0.16933096000026368
2.9 0.27 -0.16200639999937097
2.95 0.27 -0.15513196000091073
3.0 0.27 -0.14867044000013205
3.05 0.27 -0.14258916000002891
3.1 0.27 -0.136858479998833
3.15 0.27 -0.13145168000034
3.2 0.27 -0.12634476000101857
3.25 0.27 -0.12151583999937586
3.3 0.27 -0.11694507999964125
3.35 0.27 -0.11261463999998551
3.4 0.27 -0.1085078000009791
3.45 0.27 -0.10460959999960588
3.5 0.27 -0.1009063599991661
3.55 0.27 -0.09738524000041109
3.6 0.27 -0.09403480000074216
3.65 0.27 -0.0908440799996416
3.7 0.27 -0.08780355999860442
3.75 0.27 -0.08490376000153742
3.8 0.27 -0.08213647999966185
3.85 0.27 -0.0794937200005566
3.9 0.27 -0.07696847999881087
3.95 0.27 -0.07455380000068028
1.1 0.28 -2.5433971200001837
1.15 0.28 -2.2639693999998536
1.2 0.28 -1.9926417999997197
1.25 0.28 -1.7656676400004918
1.3 0.28 -1.5815805199995536
1.35 0.28 -1.4324919600003363
1.4 0.28 -1.310635039999757
1.45 0.28 -1.2088815600002014
1.5 0.28 -1.1196923199996474
1.55 0.28 -1.0353034000004813
1.6 0.28 -0.9502517999997939
1.65 0.28 -0.864000239999627
1.7 0.28 -0.7801760000003127
1.75 0.28 -0.7030712000002344
1.8 0.28 -0.6350931599996579
1.85 0.28 -0.5765352000000914
1.9 0.28 -0.5264653200001154
1.95 0.28 -0.4835491999997973
2.0 0.28 -0.44649188000023426
2.05 0.28 -0.4141965999997921
2.1 0.28 -0.38578596000000825
2.15 0.28 -0.36057336000014734
2.2 0.28 -0.3380233999997996
2.25 0.28 -0.3177169600003254
2.3 0.28 -0.29932187999932686
2.35 0.28 -0.2825724000009074
2.4 0.28 -0.2672531599998261
2.45 0.28 -0.25318691999938503
2.5 0.28 -0.24022676000044016
2.55 0.28 -0.2282491999996582
2.6 0.28 -0.2171493600009463
2.65 0.28 -0.2068378799985282
2.7 0.28 -0.19723700000042824
2.75 0.28 -0.18827988000087792
2.8 0.28 -0.17990755999974858
2.85 0.28 -0.17206843999939012
2.9 0.28 -0.16471672000051343
2.95 0.28 -0.15781171999952465
3.0 0.28 -0.15131736000100257
3.05 0.28 -0.14520115999943126
3.1 0.28 -0.1394338399987564
3.15 0.28 -0.13398912000138913
3.2 0.28 -0.1288434000002785
3.25 0.28 -0.12397479999961591
3.3 0.28 -0.11936403999870329
3.35 0.28 -0.11499312000138256
3.4 0.28 -0.1108457200004413
3.45 0.28 -0.10690691999926154
3.5 0.28 -0.1031630799990152
3.55 0.28 -0.09960172000119397
3.6 0.28 -0.09621112000033384
3.65 0.28 -0.09298083999951279
3.7 0.28 -0.08990087999948444
3.75 0.28 -0.08696224000060714
3.8 0.28 -0.08415660000054034
3.85 0.28 -0.08147607999902136
3.9 0.28 -0.07891351999987209
3.95 0.28 -0.07646220000083263
1.1 0.29 -2.562786959999746
1.15 0.29 -2.267405359999929
1.2 0.29 -2.0093148000000864
1.25 0.29 -1.7916652400000193
1.3 0.29 -1.6119326400001968
1.35 0.29 -1.4647581199994752
1.4 0.29 -1.3431360400005634
1.45 0.29 -1.2389748799996814
1.5 0.29 -1.1434798399999875
1.55 0.29 -1.0494156800000043
1.6 0.29 -0.9543565200001359
1.65 0.29 -0.8610956400001822
1.7 0.29 -0.7743241199996415
1.75 0.29 -0.6972491599999094
1.8 0.29 -0.6306923200003944
1.85 0.29 -0.5738650399997849
1.9 0.29 -0.5253422399999171
1.95 0.29 -0.4836506400000192
2.0 0.29 -0.44750872000052394
2.05 0.29 -0.41587911999938276
2.1 0.29 -0.38794583999966076
2.15 0.29 -0.3630728800005459
2.2 0.29 -0.34076308000052913
2.25 0.29 -0.3206243999993124
2.3 0.29 -0.3023444800000085
2.35 0.29 -0.28567148000010995
2.4 0.29 -0.27039960000010504
2.45 0.29 -0.2563589999996538
2.5 0.29 -0.24340776000002592
2.55 0.29 -0.2314262400003374
2.6 0.29 -0.22031256000048038
2.65 0.29 -0.20997907999908416
2.7 0.29 -0.2003503600001018
2.75 0.29 -0.19136019999994933
2.8 0.29 -0.18295112000075228
2.85 0.29 -0.17507211999922573
2.9 0.29 -0.16767812000040352
2.95 0.29 -0.16072900000002746
3.0 0.29 -0.15418919999987735
3.05 0.29 -0.14802632000012803
3.1 0.29 -0.14221179999910052
3.15 0.29 -0.1367193200013343
3.2 0.29 -0.13152555999980156
3.25 0.29 -0.12660899999943398
3.3 0.29 -0.1219501999995203
3.35 0.29 -0.11753156000109337
3.4 0.29 -0.11333671999977964
3.45 0.29 -0.10935091999968488
3.5 0.29 -0.10556063999986819
3.55 0.29 -0.10195328000035477
3.6 0.29 -0.09851740000002031
3.65 0.29 -0.09524247999976898
3.7 0.29 -0.09211847999964946
3.75 0.29 -0.08913672000075709
3.8 0.29 -0.08628852000001105
3.85 0.29 -0.0835663199993067
3.9 0.29 -0.08096275999960724
3.95 0.29 -0.07847128000150819
1.1 0.3 -2.574663839999763
1.15 0.3 -2.2774040000001485
1.2 0.3 -2.031569400000069
1.25 0.3 -1.821992800000051
1.3 0.3 -1.6464776399999494
1.35 0.3 -1.5009609999999771
1.4 0.3 -1.378177719999845
1.45 0.3 -1.2687071600001976
1.5 0.3 -1.1635466399997838
1.55 0.3 -1.0581216400002036
1.6 0.3 -0.95403507999983
1.65 0.3 -0.856191040000449
1.7 0.3 -0.7686200399994841
1.75 0.3 -0.6927618800002441
1.8 0.3 -0.6280311599997668
1.85 0.3 -0.5729275600003771
1.9 0.3 -0.5257888799995688
1.95 0.3 -0.48512728000033883
2.0 0.3 -0.44972183999995413
2.05 0.3 -0.41860607999978816
2.1 0.3 -0.39102543999972955
2.15 0.3 -0.36638964000070634
2.2 0.3 -0.3442350400000306
2.25 0.3 -0.3241932399990138
2.3 0.3 -0.30596828000070464
2.35 0.3 -0.2893201200000102
2.4 0.3 -0.2740508800002416
2.45 0.3 -0.2599967599993733
2.5 0.3 -0.24701996000047277
2.55 0.3 -0.23500388000005631
2.6 0.3 -0.22384879999961607
2.65 0.3 -0.2134689600000683
2.7 0.3 -0.20378995999976796
2.75 0.3 -0.1947469200009245
2.8 0.3 -0.18628271999929846
2.85 0.3 -0.17834728000020744
2.9 0.3 -0.1708957199994649
2.95 0.3 -0.1638887200006858
3.0 0.3 -0.15729051999998467
3.05 0.3 -0.1510693199996643
3.1 0.3 -0.14519663999950894
3.15 0.3 -0.13964636000122357
3.2 0.3 -0.13439531999921475
3.25 0.3 -0.12942200000054574
3.3 0.3 -0.12470723999885291
3.35 0.3 -0.12023328000080483
3.4 0.3 -0.11598403999997273
3.45 0.3 -0.11194476000042682
3.5 0.3 -0.1081017999990935
3.55 0.3 -0.10444280000028117
3.6 0.3 -0.10095620000072394
3.65 0.3 -0.09763147999990486
3.7 0.3 -0.0944588799986063
3.75 0.3 -0.09142928000072943
3.8 0.3 -0.08853436000109159
3.85 0.3 -0.08576639999873267
3.9 0.3 -0.08311815999960848
3.95 0.3 -0.08058284000141704
1.1 0.31 -2.588966039999723
1.15 0.31 -2.29907723999999
1.2 0.31 -2.0619871200001043
1.25 0.31 -1.8584070000002695
1.3 0.31 -1.6863615999994923
1.35 0.31 -1.5413044400002336
1.4 0.31 -1.4144582000000179
1.45 0.31 -1.295496800000244
1.5 0.31 -1.1776036399997067
1.55 0.31 -1.0608936000000513
1.6 0.31 -0.9502928399999921
1.65 0.31 -0.8506356399998037
1.7 0.31 -0.764023200000346
1.75 0.31 -0.6901060799997046
1.8 0.31 -0.6273160800002864
1.85 0.31 -0.5737923599998109
1.9 0.31 -0.5278225199997896
1.95 0.31 -0.48798116000021446
2.0 0.31 -0.45313120000031565
2.05 0.31 -0.42238007999976673
2.1 0.31 -0.39502955999956374
2.15 0.31 -0.370530600000494
2.2 0.31 -0.34844772000042334
2.25 0.31 -0.3284325599987685
2.3 0.31 -0.31020292000079164
2.35 0.31 -0.2935279199999903
2.4 0.31 -0.278216640000296
2.45 0.31 -0.2641095999993301
2.5 0.31 -0.25107247999969307
2.55 0.31 -0.23899072000094762
2.6 0.31 -0.2277665599997655
2.65 0.31 -0.21731544000001318
2.7 0.31 -0.2075637199993626
2.75 0.31 -0.19844712000083647
2.8 0.31 -0.18990944000023613
2.85 0.31 -0.1819003599986048
2.9 0.31 -0.17437600000107584
2.95 0.31 -0.16729659999985902
3.0 0.31 -0.16062699999963628
3.05 0.31 -0.1543354000006142
3.1 0.31 -0.14839339999898649
3.15 0.31 -0.14277500000073143
3.2 0.31 -0.13745704000029996
3.25 0.31 -0.13241815999975917
3.3 0.31 -0.12763907999913934
3.35 0.31 -0.12310212000085242
3.4 0.31 -0.11879132000061118
3.45 0.31 -0.11469171999962709
3.5 0.31 -0.11078979999838919
3.55 0.31 -0.10707320000191643
3.6 0.31 -0.10353039999913032
3.65 0.31 -0.10015068000086594
3.7 0.31 -0.09692435999796471
3.75 0.31 -0.09384244000215375
3.8 0.31 -0.09089643999900009
3.85 0.31 -0.08807852000032344
3.9 0.31 -0.08538155999929974
3.95 0.31 -0.08279892000074573
1.1 0.32 -2.6111234000001864
1.15 0.32 -2.333139799999616
1.2 0.32 -2.1017516800004263
1.25 0.32 -1.9023083199996758
1.3 0.32 -1.732214160000118
1.35 0.32 -1.5845737599999326
1.4 0.32 -1.4486596400001168
1.45 0.32 -1.3156305599998959
1.5 0.32 -1.1839777600002364
1.55 0.32 -1.0585453999997385
1.6 0.32 -0.94495439999989
1.65 0.32 -0.8459596000001522
1.7 0.32 -0.7614289200002871
1.75 0.32 -0.6897093199995527
1.8 0.32 -0.628726720000119
1.85 0.32 -0.5765298400000032
1.9 0.32 -0.5314722400001434
1.95 0.32 -0.492227879999871
2.0 0.32 -0.4577495600001685
2.05 0.32 -0.42721375999967165
2.1 0.32 -0.3999721200003151
2.15 0.32 -0.37550983999964394
2.2 0.32 -0.35341560000077393
2.25 0.32 -0.333356799999061
2.3 0.32 -0.31506223999997585
2.35 0.32 -0.2983084800011843
2.4 0.32 -0.28290971999922576
2.45 0.32 -0.2687097999998119
2.5 0.32 -0.25557676000005447
2.55 0.32 -0.24339784000037537
2.6 0.32 -0.2320762399996576
2.65 0.32 -0.22152820000041254
2.7 0.32 -0.21168051999893653
2.75 0.32 -0.20246968000112167
2.8 0.32 -0.19383911999995077
2.85 0.32 -0.18573915999932644
2.9 0.32 -0.178125800000118
2.95 0.32 -0.17095948000023584
3.0 0.32 -0.16420492000079948
3.05 0.32 -0.15783047999917754
3.1 0.32 -0.15180759999940205
3.15 0.32 -0.14611052000102298
3.2 0.32 -0.1407156399999115
3.25 0.32 -0.13560199999957992
3.3 0.32 -0.13075007999932817
3.35 0.32 -0.12614220000085763
3.4 0.32 -0.12176228000058174
3.45 0.32 -0.11759543999971853
3.5 0.32 -0.11362807999875041
3.55 0.32 -0.1098477600012687
3.6 0.32 -0.10624287999974096
3.65 0.32 -0.10280284000003839
3.7 0.32 -0.0995177599986791
3.75 0.32 -0.09637872000167695
3.8 0.32 -0.09337691999959963
3.85 0.32 -0.0905050000000077
3.9 0.32 -0.0877552799995924
3.95 0.32 -0.08512124000033826
1.1 0.33 -2.639603720000148
1.15 0.33 -2.377342840000179
1.2 0.33 -2.151085919999581
1.25 0.33 -1.9543216800002334
1.3 0.33 -1.7828664400003256
1.35 0.33 -1.6266415999993369
1.4 0.33 -1.4753262800006448
1.45 0.33 -1.3258937999996263
1.5 0.33 -1.1831420400000112
1.55 0.33 -1.0534956800000772
1.6 0.33 -0.9403087199999083
1.65 0.33 -0.8435898399998321
1.7 0.33 -0.7615513600004702
1.75 0.33 -0.6918858399995161
1.8 0.33 -0.632393400000455
1.85 0.33 -0.5811962799995709
1.9 0.33 -0.5367673200002107
1.95 0.33 -0.49788863999999666
2.0 0.33 -0.463596280000404
2.05 0.33 -0.43312667999934484
2.1 0.33 -0.4058723999996531
2.15 0.33 -0.3813469600008614
2.2 0.33 -0.3591575199997989
2.25 0.33 -0.3389839999999626
2.3 0.33 -0.32056355999969927
2.35 0.33 -0.3036782000006772
2.4 0.33 -0.28814539999970734
2.45 0.33 -0.2738117199998843
2.5 0.33 -0.2605464399991329
2.55 0.33 -0.2482377600015071
2.6 0.33 -0.23678955999955148
2.65 0.33 -0.22611819999933994
2.7 0.33 -0.21615088000004412
2.75 0.33 -0.2068238800011446
2.8 0.33 -0.1980807999991903
2.85 0.33 -0.18987196000021533
2.9 0.33 -0.18215299999937493
2.95 0.33 -0.1748846000009942
3.0 0.33 -0.1680310799997648
3.05 0.33 -0.1615608399994534
3.1 0.33 -0.15544527999982544
3.15 0.33 -0.14965832000039567
3.2 0.33 -0.14417640000062676
3.25 0.33 -0.13897851999971117
3.3 0.33 -0.13404475999908277
3.35 0.33 -0.1293577600004607
3.4 0.33 -0.12490100000022197
3.45 0.33 -0.12065968000030168
3.5 0.33 -0.11662015999905621
3.55 0.33 -0.11276972000072878
3.6 0.33 -0.10909691999998511
3.65 0.33 -0.10559088000050602
3.7 0.33 -0.10224183999811788
3.75 0.33 -0.09904060000165363
3.8 0.33 -0.09597852000027308
3.85 0.33 -0.09304795999938198
3.9 0.33 -0.09024135999923417
3.95 0.33 -0.0875520800010938
1.1 0.34 -2.67200343999968
1.15 0.34 -2.4290617200001745
1.2 0.34 -2.209218520000186
1.25 0.34 -2.012501839999799
1.3 0.34 -1.8327333999998594
1.35 0.34 -1.6596308800003978
1.4 0.34 -1.489231399999725
1.45 0.34 -1.3264459599998375
1.5 0.34 -1.1784790800003762
1.55 0.34 -1.0491649999995134
1.6 0.34 -0.9385411200003835
1.65 0.34 -0.8446298399999063
1.7 0.34 -0.7648769199999377
1.75 0.34 -0.696836160000199
1.8 0.34 -0.638399839999686
1.85 0.34 -0.5878330800001632
1.9 0.34 -0.5437358000001798
1.95 0.34 -0.5049881199997914
2.0 0.34 -0.4706956800005474
2.05 0.34 -0.44014291999900246
2.1 0.34 -0.4127545199999375
2.15 0.34 -0.3880650400010645
2.2 0.34 -0.36569572000005784
2.25 0.34 -0.345335319998961
2.3 0.34 -0.3267267600001856
2.35 0.34 -0.30965540000069514
2.4 0.34 -0.2939411199996311
2.45 0.34 -0.27943143999946535
2.5 0.34 -0.2659963600002789
2.55 0.34 -0.2535244400005152
2.6 0.34 -0.2419192799998013
2.65 0.34 -0.23109743999991983
2.7 0.34 -0.22098571999933447
2.75 0.34 -0.21152008000104303
2.8 0.34 -0.20264412000017346
2.85 0.34 -0.19430755999916624
2.9 0.34 -0.19430755999916624
2.95 0.34 -0.19430755999916624
3.0 0.34 -0.16553328000057435
3.05 0.34 -0.16553328000057435
3.1 0.34 -0.15931251999864585
3.15 0.34 -0.15342432000147985
3.2 0.34 -0.14784475999931654
3.25 0.34 -0.14255264000056883
3.3 0.34 -0.13752799999881588
3.35 0.34 -0.1327531600007241
3.4 0.34 -0.1282116800005899
3.45 0.34 -0.12388835999956926
3.5 0.34 -0.11976959999887285
3.55 0.34 -0.11584260000131624
3.6 0.34 -0.11209564000012091
3.65 0.34 -0.10851787999968149
3.7 0.34 -0.10509931999864663
3.75 0.34 -0.10183084000159272
3.8 0.34 -0.09870355999979132
3.85 0.34 -0.09570992000007585
3.9 0.34 -0.09284203999912982
3.95 0.34 -0.0900933600010307
1.1 0.35 -2.7140881199997677
1.15 0.35 -2.487492240000204
1.2 0.35 -2.2723620799997315
1.25 0.35 -2.0683043200001694
1.3 0.35 -1.8703961199999974
1.35 0.35 -1.6761286400001207
1.4 0.35 -1.4909594399998847
1.45 0.35 -1.322630800000006
1.5 0.35 -1.1752571199998882
1.55 0.35 -1.0488555600002003
1.6 0.35 -0.9412835999999236
1.65 0.35 -0.8497800799997134
1.7 0.35 -0.7716827200003024
1.75 0.35 -0.7046686799998942
1.8 0.35 -0.646795600000163
1.85 0.35 -0.5964714399997341
1.9 0.35 -0.5524052800002031
1.95 0.35 -0.513553960000121
2.0 0.35 -0.47907604000009657
2.05 0.35 -0.4482906799995566
2.1 0.35 -0.420645639999863
2.15 0.35 -0.3956904400003204
2.2 0.35 -0.37305500000003233
2.25 0.35 -0.3524340400001228
2.3 0.35 -0.33357347999966375
2.35 0.35 -0.31626036000007407
2.4 0.35 -0.3003154000005292
2.45 0.35 -0.28558623999925664
2.5 0.35 -0.27194255999987244
2.55 0.35 -0.25927244000074484
2.6 0.35 -0.24747916000009784
2.65 0.35 -0.23647843999893378
2.7 0.35 -0.2261966800006129
2.75 0.35 -0.2165692400003027
2.8 0.35 -0.20753888000015838
2.85 0.35 -0.19905523999906088
2.9 0.35 -0.19107312000059617
2.95 0.35 -0.1835524399998069
3.0 0.35 -0.1764570800006033
3.05 0.35 -0.1697545999995504
3.1 0.35 -0.1634158799992305
3.15 0.35 -0.15741444000122146
3.2 0.35 -0.15172623999930632
3.25 0.35 -0.14632956000042494
3.3 0.35 -0.1412045999989157
3.35 0.35 -0.1363330800013422
3.4 0.35 -0.13169835999988824
3.45 0.35 -0.12728551999998716
3.5 0.35 -0.12308019999852361
3.55 0.35 -0.1190697600018791
3.6 0.35 -0.11524227999899536
3.65 0.35 -0.11158680000065187
3.7 0.35 -0.10809319999910136
3.75 0.35 -0.10475204000027938
3.8 0.35 -0.10155468000050441
3.85 0.35 -0.09849300000013307
3.9 0.35 -0.09555963999874299
3.95 0.35 -0.0927472800010593
1.1 0.36 -2.978421359999934
1.15 0.36 -2.572207760000093
1.2 0.36 -2.335188200000013
1.25 0.36 -2.109702560000304
1.3 0.36 -1.889718199999637
1.35 0.36 -1.6807428399999846
1.4 0.36 -1.490377680000071
1.45 0.36 -1.3228538399999819
1.5 0.36 -1.1783732800001487
1.55 0.36 -1.0548537599998242
1.6 0.36 -0.9494614000001211
1.65 0.36 -0.8593789199998935
1.7 0.36 -0.7820860000002511
1.75 0.36 -0.7154287199995186
1.8 0.36 -0.6576071600004975
1.85 0.36 -0.6071372399997322
1.9 0.36 -0.5628039600001264
1.95 0.36 -0.5236165599999482
2.0 0.36 -0.48876819999982674
2.05 0.36 -0.4576008000003704
2.1 0.36 -0.4295758399990672
2.15 0.36 -0.40425128000094684
2.2 0.36 -0.38126203999979813
2.25 0.36 -0.36030483999979684
2.3 0.36 -0.34112656000005026
2.35 0.36 -0.3235143600005657
2.4 0.36 -0.3072878799997636
2.45 0.36 -0.29229403999932857
2.5 0.36 -0.2784015199999611
2.55 0.36 -0.26549720000135085
2.6 0.36 -0.2534832399987872
2.65 0.36 -0.2422742400002851
2.7 0.36 -0.2317957599998985
2.75 0.36 -0.22198220000053107
2.8 0.36 -0.21277548000000554
2.85 0.36 -0.20412447999927144
2.9 0.36 -0.1959833599997303
2.95 0.36 -0.18831132000133877
3.0 0.36 -0.1810717599994411
3.05 0.36 -0.17423183999980613
3.1 0.36 -0.16776179999927887
3.15 0.36 -0.16163476000082524
3.2 0.36 -0.15582644000034007
3.25 0.36 -0.15031467999975287
3.3 0.36 -0.14507931999905666
3.35 0.36 -0.14010192000124025
3.4 0.36 -0.13536555999991198
3.45 0.36 -0.13085495999974708
3.5 0.36 -0.1265555999990291
3.55 0.36 -0.1224548000012853
3.6 0.36 -0.118540119999722
3.65 0.36 -0.11480076000012258
3.7 0.36 -0.11122611999897221
3.75 0.36 -0.10780700000080522
3.8 0.36 -0.104534240000476
3.85 0.36 -0.10139983999977212
3.9 0.36 -0.09839611999895528
3.95 0.36 -0.0955159600006356
1.1 0.37 -3.5850074400002625
1.15 0.37 -2.8315391599995925
1.2 0.37 -2.4384233600002903
1.25 0.37 -2.156913159999962
1.3 0.37 -1.9119707599998061
1.35 0.37 -1.6931730000003051
1.4 0.37 -1.500620319999518
1.45 0.37 -1.3338259200004527
1.5 0.37 -1.190655599999961
1.55 0.37 -1.068181319999789
1.6 0.37 -0.9633870799998369
1.65 0.37 -0.8734993200004435
1.7 0.37 -0.7960965999998876
1.75 0.37 -0.7291201599997482
1.8 0.37 -0.6708477200000141
1.85 0.37 -0.6198524000001948
1.9 0.37 -0.5749600799997909
1.95 0.37 -0.5352074400001043
2.0 0.37 -0.49980508000068546
2.05 0.37 -0.4681055199991199
2.1 0.37 -0.43957596000012855
2.15 0.37 -0.4137770800004037
2.2 0.37 -0.39034407999949533
2.25 0.37 -0.36897328000008917
2.3 0.37 -0.34940967999972494
2.35 0.37 -0.331438880001123
2.4 0.37 -0.3148783999989757
2.45 0.37 -0.2995732800004964
2.5 0.37 -0.28539019999911475
2.55 0.37 -0.2722140800014635
2.6 0.37 -0.2599457199991671
2.65 0.37 -0.2484980000001067
2.7 0.37 -0.2377950399996029
2.75 0.37 -0.2277702000005265
2.8 0.37 -0.2183641599998517
2.85 0.37 -0.20952471999986844
2.9 0.37 -0.20120539999979387
2.95 0.37 -0.19336436000091947
3.0 0.37 -0.18596439999925063
3.05 0.37 -0.17897192000049308
3.1 0.37 -0.1723567199986222
3.15 0.37 -0.16609132000149263
3.2 0.37 -0.16015100000004223
3.25 0.37 -0.15451307999967467
3.3 0.37 -0.1491571599989597
3.35 0.37 -0.14406428000080773
3.4 0.37 -0.13921736000028823
3.45 0.37 -0.13460063999986052
3.5 0.37 -0.13019963999927706
3.55 0.37 -0.12600096000124172
3.6 0.37 -0.12199243999901953
3.65 0.37 -0.11816264000117413
3.7 0.37 -0.11450115999781235
3.75 0.37 -0.11099820000194545
3.8 0.37 -0.1076448399999212
3.85 0.37 -0.10443259999917169
3.9 0.37 -0.10135387999996527
3.95 0.37 -0.09840124000062236
1.1 0.38 -3.767412199999862
1.15 0.38 -3.1367444800000586
1.2 0.38 -2.6188772000001186
1.25 0.38 -2.2506145999997664
1.3 0.38 -1.965202920000311
1.35 0.38 -1.7286605199995273
1.4 0.38 -1.5283053200004613
1.45 0.38 -1.357850199999781
1.5 0.38 -1.212681599999854
1.55 0.38 -1.088856360000173
1.6 0.38 -0.9829532400001318
1.65 0.38 -0.8920443999997426
1.7 0.38 -0.8136563200000808
1.75 0.38 -0.7457204000001343
1.8 0.38 -0.6865191599999345
1.85 0.38 -0.6346347199997349
1.9 0.38 -0.5889003600003683
1.95 0.38 -0.5483575199995865
2.0 0.38 -0.5122189200010681
2.05 0.38 -0.4798369199984772
2.1 0.38 -0.45067704000061487
2.15 0.38 -0.42429696000040756
2.2 0.38 -0.4003285999999676
2.25 0.38 -0.37846447999953425
2.3 0.38 -0.35844619999991906
2.35 0.38 -0.3400554400006754
2.4 0.38 -0.32310687999981386
2.45 0.38 -0.3074420799992855
2.5 0.38 -0.29292512000012144
2.55 0.38 -0.27943864000094926
2.6 0.38 -0.2668807199995636
2.65 0.38 -0.25516255999944315
2.7 0.38 -0.24420660000004177
2.75 0.38 -0.23394420000046753
2.8 0.38 -0.22431504000053418
2.85 0.38 -0.21526547999880627
2.9 0.38 -0.2067479200007945
2.95 0.38 -0.19871955999992147
3.0 0.38 -0.19114231999992692
3.05 0.38 -0.18398180000005548
3.1 0.38 -0.17720707999919666
3.15 0.38 -0.17079008000089232
3.2 0.38 -0.16470532000028074
3.25 0.38 -0.15893003999920607
3.3 0.38 -0.15344275999970156
3.35 0.38 -0.14822460000113147
3.4 0.38 -0.1432579599992328
3.45 0.38 -0.13852656000068514
3.5 0.38 -0.13401567999882608
3.55 0.38 -0.12971184000131794
3.6 0.38 -0.12560227999927998
3.65 0.38 -0.12167556000051193
3.7 0.38 -0.11792083999867246
3.75 0.38 -0.1143284000010863
3.8 0.38 -0.11088880000045304
3.85 0.38 -0.1075936399992376
3.9 0.38 -0.104434959999819
3.95 0.38 -0.1014052800004789
1.1 0.39 -3.777190840000355
1.15 0.39 -3.2796109199995764
1.2 0.39 -2.7778350800002114
1.25 0.39 -2.3671319200001593
1.3 0.39 -2.044500559999925
1.35 0.39 -1.7852487999995363
1.4 0.39 -1.571865440000414
1.45 0.39 -1.3936738800001718
1.5 0.39 -1.2435643999996415
1.55 0.39 -1.1163036799999244
1.6 0.39 -1.0078112000002228
1.65 0.39 -0.9148156000001912
1.7 0.39 -0.8346623599997857
1.75 0.39 -0.7651850799998486
1.8 0.39 -0.7046125599998757
1.85 0.39 -0.6514953200007022
1.9 0.39 -0.6046467599993853
1.95 0.39 -0.5630943200003428
2.0 0.39 -0.5260395999999031
2.05 0.39 -0.49282507999949227
2.1 0.39 -0.46290824000010555
2.15 0.39 -0.43583876000112143
2.2 0.39 -0.4112415199990963
2.25 0.39 -0.38880284000015103
2.3 0.39 -0.36825847999964045
2.35 0.39 -0.3493848800002278
2.4 0.39 -0.33199232000029727
2.45 0.39 -0.3159180400000122
2.5 0.39 -0.301022639999352
2.55 0.39 -0.2871854800003055
2.6 0.39 -0.2743019600004014
2.65 0.39 -0.26228067999935906
2.7 0.39 -0.2510418800000034
2.75 0.39 -0.24051496000056943
2.8 0.39 -0.23063800000002826
2.85 0.39 -0.2213558799996639
2.9 0.39 -0.21261927999987126
2.95 0.39 -0.20438476000041453
3.0 0.39 -0.19661275999993746
3.05 0.39 -0.1892682000004704
3.1 0.39 -0.1823190399986875
3.15 0.39 -0.17573672000089763
3.2 0.39 -0.1694949600000945
3.25 0.39 -0.1635703199994515
3.3 0.39 -0.15794091999956544
3.35 0.39 -0.1525872400011333
3.4 0.39 -0.14749127999991227
3.45 0.39 -0.1426363999996743
3.5 0.39 -0.13800739999941952
3.55 0.39 -0.13359060000107376
3.6 0.39 -0.12937279999931708
3.65 0.39 -0.12534224000049266
3.7 0.39 -0.12148807999896973
3.75 0.39 -0.11779992000125299
3.8 0.39 -0.11426855999943127
3.85 0.39 -0.11088512000014855
3.9 0.39 -0.10764139999937804
3.95 0.39 -0.10453008000038844
1.1 0.4 -3.771151240000148
1.15 0.4 -3.3472707999997686
1.2 0.4 -2.8868779599999885
1.25 0.4 -2.4732659600001305
1.3 0.4 -2.1311492799998963
1.35 0.4 -1.8533386000001286
1.4 0.4 -1.6262841199999714
1.45 0.4 -1.4385897599996789
1.5 0.4 -1.2818063600004639
1.55 0.4 -1.1496845999996346
1.6 0.4 -1.0374905200002653
1.65 0.4 -0.9415537599998863
1.7 0.4 -0.858977879999759
1.75 0.4 -0.7874490400006053
1.8 0.4 -0.725104319999306
1.85 0.4 -0.6704347599999458
1.9 0.4 -0.6222135600005196
1.95 0.4 -0.5794392799998573
2.0 0.4 -0.5412917600006592
2.05 0.4 -0.507096039998653
2.1 0.4 -0.476295440000733
2.15 0.4 -0.4484273600003406
2.2 0.4 -0.4231067199995679
2.25 0.4 -0.40001063999952857
2.3 0.4 -0.3788673200006012
2.35 0.4 -0.3594465199999755
2.4 0.4 -0.34155248000047445
2.45 0.4 -0.3250176399990306
2.5 0.4 -0.3096978800002159
2.55 0.4 -0.2954687999999879
2.6 0.4 -0.28222236000061784
2.65 0.4 -0.26986423999941633
2.7 0.4 -0.2583118399996929
2.75 0.4 -0.24749272000095113
2.8 0.4 -0.23734251999982886
2.85 0.4 -0.2278043199996015
2.9 0.4 -0.21882775999983195
2.95 0.4 -0.21036732000016545
3.0 0.4 -0.20238268000056864
3.05 0.4 -0.19483739999941532
3.1 0.4 -0.18769863999970837
3.15 0.4 -0.18093676000056194
3.2 0.4 -0.17452499999990384
3.25 0.4 -0.16843876000010088
3.3 0.4 -0.16265599999960492
3.35 0.4 -0.15715632000046137
3.4 0.4 -0.15192123999980875
3.45 0.4 -0.14693371999996482
3.5 0.4 -0.14217827999919588
3.55 0.4 -0.13764028000148015
3.6 0.4 -0.13330687999939575
3.65 0.4 -0.12916555999993354
3.7 0.4 -0.12520527999957776
3.75 0.4 -0.12141532000054346
3.8 0.4 -0.11778635999988338
3.85 0.4 -0.11430912000065559
3.9 0.4 -0.11097531999811612
3.95 0.4 -0.1077773200019022
1.1 0.41 -3.762954439999797
1.15 0.41 -3.3869196000001085
1.2 0.41 -2.9637703199998873
1.25 0.41 -2.5622233999999895
1.3 0.41 -2.214567000000053
1.35 0.41 -1.9252306000001949
1.4 0.41 -1.686852119999928
1.45 0.41 -1.4898585999997414
1.5 0.41 -1.325831480000166
1.55 0.41 -1.1880907200001791
1.6 0.41 -1.0714679599995984
1.65 0.41 -0.9719596800003619
1.7 0.41 -0.8864356800000226
1.75 0.41 -0.8124238399993501
1.8 0.41 -0.7479527200004581
1.85 0.41 -0.6914392400005872
1.9 0.41 -0.6416033999990157
1.95 0.41 -0.5974046000005696
2.0 0.41 -0.5579927999997933
2.05 0.41 -0.5226697599997249
2.1 0.41 -0.4908594400006922
2.15 0.41 -0.4620837599997849
2.2 0.41 -0.4359443199995032
2.25 0.41 -0.4121072800006753
2.3 0.41 -0.39029103999937004
2.35 0.41 -0.37025740000060003
2.4 0.41 -0.3518035999995574
2.45 0.41 -0.3347556799997147
2.5 0.41 -0.3189647200002821
2.55 0.41 -0.3043013600003592
2.6 0.41 -0.2906538399997782
2.65 0.41 -0.27792407999980134
2.7 0.41 -0.26602695999997744
2.75 0.41 -0.25488676000095944
2.8 0.41 -0.2444371599992232
2.85 0.41 -0.2346192800000134
2.9 0.41 -0.22538059999988116
2.95 0.41 -0.21667423999973562
3.0 0.41 -0.2084585200009322
3.05 0.41 -0.2006954399995305
3.1 0.41 -0.19335135999916883
3.15 0.41 -0.1863955200010271
3.2 0.41 -0.17980012000009601
3.25 0.41 -0.173540000000117
3.3 0.41 -0.16759211999874868
3.35 0.41 -0.16193576000085222
3.4 0.41 -0.15655151999993733
3.45 0.41 -0.15142200000042347
3.5 0.41 -0.1465311999991129
3.55 0.41 -0.14186412000066465
3.6 0.41 -0.1374072799997355
3.65 0.41 -0.13314808000046743
3.7 0.41 -0.12907487999859343
3.75 0.41 -0.12517688000125138
3.8 0.41 -0.12144431999985315
3.85 0.41 -0.11786768000022582
3.9 0.41 -0.11443851999903326
3.95 0.41 -0.11114884000090026
1.1 0.42 -3.7527342800000807
1.15 0.42 -3.4130102799998747
1.2 0.42 -3.0216792000001
1.25 0.42 -2.636759679999642
1.3 0.42 -2.291537040000339
1.35 0.42 -1.9967332800000186
1.4 0.42 -1.7502580399998653
1.45 0.42 -1.5452416399998643
1.5 0.42 -1.3742156000002885
1.55 0.42 -1.2306390799999112
1.6 0.42 -1.1092024399996343
1.65 0.42 -1.0057048400003712
1.7 0.42 -0.9168394800003231
1.75 0.42 -0.8399947199990221
1.8 0.42 -0.7730944000009315
1.85 0.42 -0.7144771999996598
1.9 0.42 -0.6628043200002788
1.95 0.42 -0.6169905199996573
2.0 0.42 -0.5761504800000792
2.05 0.42 -0.5395580399994298
2.1 0.42 -0.5066145600004308
2.15 0.42 -0.47682324000075405
2.2 0.42 -0.4497701599994757
2.25 0.42 -0.425108159999199
2.3 0.42 -0.4025446800007174
2.35 0.42 -0.3818320400004784
2.4 0.42 -0.36275903999936204
2.45 0.42 -0.3451452000003012
2.5 0.42 -0.328835119999128
2.55 0.42 -0.31369444000091395
2.6 0.42 -0.29960680000017276
2.65 0.42 -0.2864702799992165
2.7 0.42 -0.27419600000016076
2.75 0.42 -0.2627056800005953
2.8 0.42 -0.251929959999587
2.85 0.42 -0.24180788000007652
2.9 0.42 -0.2322847599998576
2.95 0.42 -0.2233119200004007
3.0 0.42 -0.21484603999937313
3.05 0.42 -0.20684796000125588
3.1 0.42 -0.19928235999822413
3.15 0.42 -0.19211764000124706
3.2 0.42 -0.18532491999963052
3.25 0.42 -0.17887799999982754
3.3 0.42 -0.1727533199994715
3.35 0.42 -0.16692912000117044
3.4 0.42 -0.16138543999986213
3.45 0.42 -0.1561044799998973
3.5 0.42 -0.15106923999872376
3.55 0.42 -0.14626468000167236
3.6 0.42 -0.14167667999913697
3.65 0.42 -0.1372922000008719
3.7 0.42 -0.13309915999831928
3.75 0.42 -0.12908676000145933
3.8 0.42 -0.12524439999950276
3.85 0.42 -0.12156272000041256
3.9 0.42 -0.11803275999871347
3.95 0.42 -0.11464640000109877
1.1 0.43 -3.7395205600002956
1.15 0.43 -3.430374119999848
1.2 0.43 -3.067187199999928
1.25 0.43 -2.7001978800001183
1.3 0.43 -2.361770199999928
1.35 0.43 -2.0659180000002553
1.4 0.43 -1.8144121599998961
1.45 0.43 -1.6030529999998193
1.5 0.43 -1.425749999999942
1.55 0.43 -1.276509759999904
1.6 0.43 -1.150153160000404
1.65 0.43 -1.0424384799996644
1.7 0.43 -0.9499643200001662
1.75 0.43 -0.8700197199999546
1.8 0.43 -0.8004414800005606
1.85 0.43 -0.7394961999992195
1.9 0.43 -0.6857873200004885
1.95 0.43 -0.638183079999518
2.0 0.43 -0.5957604400004367
2.05 0.43 -0.5577631999993985
2.1 0.43 -0.5235670000004619
2.15 0.43 -0.49265448000039586
2.2 0.43 -0.4645941599996223
2.25 0.43 -0.4390240799995281
2.3 0.43 -0.4156392799998813
2.35 0.43 -0.3941811600011992
2.4 0.43 -0.3744296799993676
2.45 0.43 -0.35619631999949586
2.5 0.43 -0.33931892000041
2.55 0.43 -0.3236574400003161
2.6 0.43 -0.3090900799996643
2.65 0.43 -0.2955109999997758
2.7 0.43 -0.28282700000019745
2.75 0.43 -0.2709566800004456
2.8 0.43 -0.2598278000000685
2.85 0.43 -0.24937651999889932
2.9 0.43 -0.2395462000009738
2.95 0.43 -0.2302859599997641
3.0 0.43 -0.2215507199998975
3.05 0.43 -0.21329968000003494
3.1 0.43 -0.2054962799993543
3.15 0.43 -0.1981074000008743
3.2 0.43 -0.19110332000026165
3.25 0.43 -0.18445671999956015
3.3 0.43 -0.17814299999919475
3.35 0.43 -0.17213964000099133
3.4 0.43 -0.1664262399998512
3.45 0.43 -0.16098380000073634
3.5 0.43 -0.15579519999824237
3.55 0.43 -0.1508445600011835
3.6 0.43 -0.14611739999992376
3.65 0.43 -0.14160007999990448
3.7 0.43 -0.1372803999996634
3.75 0.43 -0.1331467199998741
3.8 0.43 -0.12918852000112271
3.85 0.43 -0.12539595999925313
3.9 0.43 -0.12175963999941188
3.95 0.43 -0.11827144000046745
1.1 0.44 -3.722009599999876
1.15 0.44 -3.4406744400001594
1.2 0.44 -3.1034573999999626
1.25 0.44 -2.7548199599998022
1.3 0.44 -2.425731000000306
1.35 0.44 -2.1319624399996524
1.4 0.44 -1.8780280800001559
1.45 0.44 -1.6620513600002962
1.5 0.44 -1.4794305599998845
1.55 0.44 -1.3249561999991428
1.6 0.44 -1.1937894000013258
1.65 0.44 -1.0817924799987009
1.7 0.44 -0.9855586800007679
1.75 0.44 -0.9023290000001746
1.8 0.44 -0.8298803999998968
1.85 0.44 -0.7664213999994688
1.9 0.44 -0.7105040000006139
1.95 0.44 -0.6609520799997846
2.0 0.44 -0.6168053600001611
2.05 0.44 -0.5772759599995383
2.1 0.44 -0.5417135199998332
2.15 0.44 -0.5095782400008959
2.2 0.44 -0.4804197199995048
2.25 0.44 -0.4538601599999723
2.3 0.44 -0.4295808799994842
2.35 0.44 -0.40731176000049946
2.4 0.44 -0.3868226000008704
2.45 0.44 -0.36791631999862046
2.5 0.44 -0.3504233600004637
2.55 0.44 -0.3341972800005415
2.6 0.44 -0.3191106399995658
2.65 0.44 -0.30505271999984823
2.7 0.44 -0.2919261599998901
2.75 0.44 -0.2796458400003206
2.8 0.44 -0.26813623999970654
2.85 0.44 -0.2573306800004879
2.9 0.44 -0.24716995999938352
2.95 0.44 -0.23760112000035122
3.0 0.44 -0.22857688000002066
3.05 0.44 -0.22005492000047944
3.1 0.44 -0.2119969599986404
3.15 0.44 -0.20436872000094367
3.2 0.44 -0.1971388000001191
3.25 0.44 -0.19027932000029568
3.3 0.44 -0.1837642399989016
3.35 0.44 -0.17757040000055196
3.4 0.44 -0.17167640000082035
3.45 0.44 -0.16606271999890568
3.5 0.44 -0.16071136000000677
3.55 0.44 -0.15560608000008275
3.6 0.44 -0.15073144000084024
3.65 0.44 -0.14607387999916507
3.7 0.44 -0.14162023999992815
3.75 0.44 -0.13735872000020172
3.8 0.44 -0.1332783600005887
3.85 0.44 -0.12936879999969667
3.9 0.44 -0.125620759999147
3.95 0.44 -0.12202528000054548
1.1 0.45 -3.6984329599995758
1.15 0.45 -3.4441069600003034
1.2 0.45 -3.131879240000055
1.25 0.45 -2.801933959999994
1.3 0.45 -2.4838821599999594
1.35 0.45 -2.1944949599997994
1.4 0.45 -1.9402795200004943
1.45 0.45 -1.7213080799997635
1.5 0.45 -1.5344201199994256
1.55 0.45 -1.3753011200009195
1.6 0.45 -1.239594639999102
1.65 0.45 -1.1233858000004144
1.7 0.45 -1.0233471600002977
1.75 0.45 -0.9367255999997276
1.8 0.45 -0.8612714000001662
1.85 0.45 -0.7951545199993817
1.9 0.45 -0.7368856400006534
1.95 0.45 -0.685249880000068
2.0 0.45 -0.639252560000092
2.05 0.45 -0.5980749599988101
2.1 0.45 -0.5610403600009326
2.15 0.45 -0.5275861600001591
2.2 0.45 -0.4972427200002034
2.25 0.45 -0.4696150399989804
2.3 0.45 -0.44437032000033283
2.35 0.45 -0.42122584000065855
2.4 0.45 -0.39994091999987413
2.45 0.45 -0.38030895999938935
2.5 0.45 -0.3621526799996401
2.55 0.45 -0.34531840000126474
2.6 0.45 -0.32967287999952194
2.65 0.45 -0.31510007999983547
2.7 0.45 -0.3014979999996125
2.75 0.45 -0.28877752000056334
2.8 0.45 -0.27685956000028533
2.85 0.45 -0.26567439999878173
2.9 0.45 -0.25516004000110204
2.95 0.45 -0.24526111999962777
3.0 0.45 -0.23592820000004705
3.05 0.45 -0.22711704000073576
3.1 0.45 -0.218787839998481
3.15 0.45 -0.2109043600009819
3.2 0.45 -0.2034345200002015
3.25 0.45 -0.1963484399993838
3.3 0.45 -0.18961967999951213
3.35 0.45 -0.18322372000148315
3.4 0.45 -0.17713843999942533
3.45 0.45 -0.17134327999954796
3.5 0.45 -0.16581991999991796
3.55 0.45 -0.16581991999991796
3.6 0.45 -0.14612039999994864
3.65 0.45 -0.14612039999994864
3.7 0.45 -0.14612039999994864
3.75 0.45 -0.14172420000044741
3.8 0.45 -0.13751524000014165
3.85 0.45 -0.1334828799997472
3.9 0.45 -0.12961723999941485
3.95 0.45 -0.12590920000073713
1.1 0.46 -3.6665698400003874
1.15 0.46 -3.4399036399996215
1.2 0.46 -3.1527322399998847
1.25 0.46 -2.8420786400005076
1.3 0.46 -2.53644255999959
1.35 0.46 -2.253257760000326
1.4 0.46 -2.0005677199996823
1.45 0.46 -1.7800888799996433
1.5 0.46 -1.5900028000004396
1.55 0.46 -1.4269242800004514
1.6 0.46 -1.2870661199990299
1.65 0.46 -1.1668274400008665
1.7 0.46 -1.0630325199997552
1.75 0.46 -0.9729868799993727
1.8 0.46 -0.8944494400005031
1.85 0.46 -0.8255732000002025
1.9 0.46 -0.7648421200002558
1.95 0.46 -0.7110106799991873
2.0 0.46 -0.663053720000495
2.05 0.46 -0.6201249199999881
2.1 0.46 -0.5815221999995334
2.15 0.46 -0.5466604400002477
2.2 0.46 -0.5150504800006779
2.25 0.46 -0.4862803199987083
2.3 0.46 -0.46000212000052604
2.35 0.46 -0.43592044000075647
2.4 0.46 -0.41378315999978244
2.45 0.46 -0.39337415999897163
2.5 0.46 -0.374507480000831
2.55 0.46 -0.35702235999976384
2.6 0.46 -0.3407787600004054
2.65 0.46 -0.3256553199992123
2.7 0.46 -0.31154504000028393
2.75 0.46 -0.2983542800006928
2.8 0.46 -0.2860005199991643
2.85 0.46 -0.2744104000004185
2.9 0.46 -0.263519079999953
2.95 0.46 -0.2532686799999415
3.0 0.46 -0.2436072400001885
3.05 0.46 -0.23448871999960458
3.1 0.46 -0.2258710799997831
3.15 0.46 -0.21771700000048239
3.2 0.46 -0.20999236000065555
3.25 0.46 -0.20266647999918136
3.3 0.46 -0.19571135999977401
3.35 0.46 -0.18910164000037433
3.4 0.46 -0.18281404000007725
3.45 0.46 -0.17682739999997985
3.5 0.46 -0.1711223999995317
3.55 0.46 -0.165681040000222
3.6 0.46 -0.1604871200001418
3.65 0.46 -0.15552544000030422
3.7 0.46 -0.15078223999913573
3.75 0.46 -0.14624448000071155
3.8 0.46 -0.141900519999894
3.85 0.46 -0.13773912000019145
3.9 0.46 -0.1337501999996153
3.95 0.46 -0.12992432000040674
1.1 0.47 -3.6240587600001923
1.15 0.47 -3.426619799999719
1.2 0.47 -3.1654753200005192
1.25 0.47 -2.875145719999832
1.3 0.47 -2.5832992399998083
1.35 0.47 -2.307928439999772
1.4 0.47 -2.0583639200005193
1.45 0.47 -1.8377581199992123
1.5 0.47 -1.6455372400010106
1.55 0.47 -1.4792437599993367
1.6 0.47 -1.3357108000001052
1.65 0.47 -1.211716400000278
1.7 0.47 -1.1042976399991784
1.75 0.47 -1.0108660800007332
1.8 0.47 -0.9292239600000574
1.85 0.47 -0.8575318799998354
1.9 0.47 -0.7942621200001582
1.95 0.47 -0.7381491199993168
2.0 0.47 -0.6881441600009832
2.05 0.47 -0.6433765599989859
2.1 0.47 -0.603121320000357
2.15 0.47 -0.5667725200002286
2.2 0.47 -0.5338215200005455
2.25 0.47 -0.5038397599992512
2.3 0.47 -0.4764643199997848
2.35 0.47 -0.45138656000074145
2.4 0.47 -0.42834295999938526
2.45 0.47 -0.40710739999982654
2.5 0.47 -0.3874849600002431
2.55 0.47 -0.36930720000085043
2.6 0.47 -0.35242743999930454
2.65 0.47 -0.33671816000009613
2.7 0.47 -0.32206739999906314
2.75 0.47 -0.3083769600014802
2.8 0.47 -0.29555999999928523
2.85 0.47 -0.28353987999977753
2.9 0.47 -0.2722484800003154
2.95 0.47 -0.26162516000000163
3.0 0.47 -0.25161560000057737
3.05 0.47 -0.2421712399993234
3.1 0.47 -0.2332484799991251
3.15 0.47 -0.22480800000170711
3.2 0.47 -0.2168140799994952
3.25 0.47 -0.20923475999978866
3.3 0.47 -0.20204079999909366
3.35 0.47 -0.19520544000091963
3.4 0.47 -0.18870476000003644
3.45 0.47 -0.1825163200003039
3.5 0.47 -0.17662015999897823
3.55 0.47 -0.17099740000097527
3.6 0.47 -0.16563127999944585
3.65 0.47 -0.16050588000098345
3.7 0.47 -0.1556067599982916
3.75 0.47 -0.1509206000010713
3.8 0.47 -0.14643507999991864
3.85 0.47 -0.14213852000040156
3.9 0.47 -0.1380206399991028
3.95 0.47 -0.13407128000033558
1.1 0.48 -3.5689392400002
1.15 0.48 -3.402513720000379
1.2 0.48 -3.1689801599995415
1.25 0.48 -2.9004753999998734
1.3 0.48 -2.6239758800002826
1.35 0.48 -2.3580179999996007
1.4 0.48 -2.1131038400000155
1.45 0.48 -1.8937010400008913
1.5 0.48 -1.7004114399988228
1.55 0.48 -1.531695120000612
1.6 0.48 -1.3850362399999487
1.65 0.48 -1.2576401200000409
1.7 0.48 -1.1468054799998169
1.75 0.48 -1.0500929599999098
1.8 0.48 -0.9653806400002941
1.85 0.48 -0.8908611999998947
1.9 0.48 -0.8250127600000241
1.95 0.48 -0.7665611600003744
2.0 0.48 -0.7144419599997701
2.05 0.48 -0.6677655999997132
2.1 0.48 -0.6257874799999308
2.15 0.48 -0.5878826800003769
2.2 0.48 -0.5535246799993863
2.25 0.48 -0.522268920000683
2.3 0.48 -0.49373751999937276
2.35 0.48 -0.4676092400007878
2.4 0.48 -0.4436086399998389
2.45 0.48 -0.42149951999905566
2.5 0.48 -0.40107796000086327
2.55 0.48 -0.38216759999980326
2.6 0.48 -0.3646147600001472
2.65 0.48 -0.34828567999938537
2.7 0.48 -0.33306308000078505
2.75 0.48 -0.3188438799999354
2.8 0.48 -0.3055371199998558
2.85 0.48 -0.2930622799996725
2.9 0.48 -0.2813480400000411
2.95 0.48 -0.27033072000051417
3.0 0.48 -0.25995343999981474
3.05 0.48 -0.25016527999994853
3.1 0.48 -0.24092051999940672
3.15 0.48 -0.23217796000042465
3.2 0.48 -0.22390040000033276
3.25 0.48 -0.21605415999985744
3.3 0.48 -0.20860867999896615
3.35 0.48 -0.2015361200010435
3.4 0.48 -0.19481128000009632
3.45 0.48 -0.188410920000593
3.5 0.48 -0.18231395999828495
3.55 0.48 -0.17650096000087506
3.6 0.48 -0.1709541200007531
3.65 0.48 -0.16565719999945885
3.7 0.48 -0.16059479999888907
3.75 0.48 -0.15575324000089014
3.8 0.48 -0.15111956000026847
3.85 0.48 -0.14668188000044377
3.9 0.48 -0.14242903999863646
3.95 0.48 -0.13835084000057765
1.1 0.49 -3.5002085199991577
1.15 0.49 -3.366043080000459
1.2 0.49 -3.1618500000000527
1.25 0.49 -2.917003199999595
1.3 0.49 -2.657655280000178
1.35 0.49 -2.402824119999974
1.4 0.49 -2.1641195600004512
1.45 0.49 -1.947265359999751
1.5 0.49 -1.7540031999999446
1.55 0.49 -1.5837084399997452
1.6 0.49 -1.4345402800003677
1.65 0.49 -1.3041696799994782
1.7 0.49 -1.1901984400005048
1.75 0.49 -1.0903738799996119
1.8 0.49 -1.002681239999962
1.85 0.49 -0.9253692800008557
1.9 0.49 -0.8569397999991709
1.95 0.49 -0.7961231599999465
2.0 0.49 -0.741848160000738
2.05 0.49 -0.6932127199991774
2.1 0.49 -0.6494569600000878
2.15 0.49 -0.6099397200007107
2.2 0.49 -0.5741188399994732
2.25 0.49 -0.5415344800002646
2.3 0.49 -0.5117951599991972
2.35 0.49 -0.4845666800012412
2.4 0.49 -0.4595626799989832
2.45 0.49 -0.43653640000047333
2.5 0.49 -0.4152751599995967
2.55 0.49 -0.39559424000086063
2.6 0.49 -0.3773333199994524
2.65 0.49 -0.36035187999944346
2.7 0.49 -0.3445272400007594
2.75 0.49 -0.329751360000035
2.8 0.49 -0.3159287599999072
2.85 0.49 -0.3029753999992108
2.9 0.49 -0.29081588000039565
2.95 0.49 -0.2793840000006738
3.0 0.49 -0.26861975999992277
3.05 0.49 -0.25846995999999495
3.1 0.49 -0.24888675999916154
3.15 0.49 -0.2398267600001867
3.2 0.49 -0.23125112000102005
3.25 0.49 -0.2231246399993844
3.3 0.49 -0.2154151199986731
3.35 0.49 -0.20809380000148425
3.4 0.49 -0.20113392000027447
3.45 0.49 -0.19451139999944259
3.5 0.49 -0.18820423999964653
3.55 0.49 -0.18219196000065177
3.6 0.49 -0.17645615999981665
3.65 0.49 -0.17097968000002578
3.7 0.49 -0.1657467599995579
3.75 0.49 -0.1607428400001867
3.8 0.49 -0.155954480000276
3.85 0.49 -0.15136940000033458
3.9 0.49 -0.14697583999897212
3.95 0.49 -0.14276340000044666
1.1 0.5 -3.4181522800004505
1.15 0.5 -3.3163530800002916
1.2 0.5 -3.142819439999307
1.25 0.5 -2.923496560000398
1.3 0.5 -2.6832767199998457
1.35 0.5 -2.4414409999998425
1.4 0.5 -2.210610760000268
1.45 0.5 -1.9977240000002787
1.5 0.5 -1.8056497199992825
1.55 0.5 -1.634688440000778
1.6 0.5 -1.483699519999254
1.65 0.5 -1.3508546400004136
1.7 0.5 -1.2340958400002933
1.75 0.5 -1.1313914399991571
1.8 0.5 -1.040863920000849
1.85 0.5 -0.960841439999877
1.9 0.5 -0.8898680399994405
1.95 0.5 -0.8266923600004317
2.0 0.5 -0.7702465199999492
2.05 0.5 -0.719623239999479
2.1 0.5 -0.674052560000862
2.15 0.5 -0.6328807599995623
2.2 0.5 -0.5955523600000955
2.25 0.5 -0.5615942799994903
2.3 0.5 -0.5306023600006357
2.35 0.5 -0.5022305599997408
2.4 0.5 -0.4761814400005554
2.45 0.5 -0.4521986399989218
2.5 0.5 -0.43006036000079617
2.55 0.5 -0.40957407999937306
2.6 0.5 -0.3905719600012972
2.65 0.5 -0.3729076399987876
2.7 0.5 -0.3564523199997906
2.75 0.5 -0.3410930800005367
2.8 0.5 -0.32672992000044704
2.85 0.5 -0.31327463999944183
2.9 0.5 -0.3006485999996677
2.95 0.5 -0.2887819200009274
3.0 0.5 -0.27761223999931517
3.05 0.5 -0.2670834400007048
3.1 0.5 -0.2571454799989578
3.15 0.5 -0.24775296000088298
3.2 0.5 -0.238865279999346
3.25 0.5 -0.230445280000425
3.3 0.5 -0.22245959999961032
3.35 0.5 -0.2148778800000428
3.4 0.5 -0.2076722800005378
3.45 0.5 -0.2008175600003888
3.5 0.5 -0.19429067999804492
3.55 0.5 -0.18807036000173205
3.6 0.5 -0.18213723999949202
3.65 0.5 -0.17647352000054248
3.7 0.5 -0.17106251999885821
3.75 0.5 -0.1658894000011104
3.8 0.5 -0.16093995999924063
3.85 0.5 -0.15620120000079452
3.9 0.5 -0.15166131999869412
3.95 0.5 -0.14730892000066753
