1.00 0.00 1.0000000000000113
1.00 0.01 0.9997481569352527
1.00 0.02 0.9989806686719673
1.00 0.03 0.9976618640730989
1.00 0.04 0.9957328876235105
1.00 0.05 0.9931122865566451
1.00 0.06 0.9896962478215767
1.00 0.07 0.9853579539273138
1.00 0.08 0.979945413654514
1.00 0.09 0.9732769822078043
1.00 0.10 0.9651335457676087
1.00 0.11 0.9552459088702876
1.00 0.12 0.9432751172240007
1.00 0.13 0.9287819508506907
1.00 0.14 0.9111789689457203
1.00 0.15 0.8896527375632433
1.00 0.16 0.863031530503176
1.00 0.17 0.8295457446814871
1.00 0.18 0.7863634471400338
1.00 0.19 0.7286534261080414
1.00 0.20 0.647919994657699
1.00 0.21 0.5319346315834558
1.00 0.22 0.19390986442940933
1.00 0.23 0.15521310971753197
1.00 0.24 0.133745395821517
1.00 0.25 0.11875123943813748
1.00 0.26 0.10658392785868066
1.00 0.27 0.0956815627005054
1.00 0.28 0.0853986300587112
1.00 0.29 0.07577806372695485
1.00 0.30 0.06750567167933846
1.00 0.31 0.0614596036669359
1.00 0.32 0.05785997205586485
1.00 0.33 0.055965805314920715
1.00 0.34 0.05499681721616849
1.00 0.35 0.05361883404688093
1.00 0.36 0.11859416909300009
1.00 0.37 0.11843039270738254
1.00 0.38 0.11143627136410951
1.00 0.39 0.10331924947300097
1.00 0.40 0.09499358301676737
1.00 0.41 0.0866729259465942
1.00 0.42 0.07843531921840222
1.00 0.43 0.0703342020862045
1.00 0.44 0.06242667037935681
1.00 0.45 0.054781764089399054
1.00 0.46 0.04747970862801615
1.00 0.47 0.04060424254460722
1.00 0.48 0.03423095436343313
1.00 0.49 0.0284161393312898
1.00 0.50 0.023190052186778113
1.05 0.00 1.0000000000000049
1.05 0.01 0.9997568766447313
1.05 0.02 0.9990156699437575
1.05 0.03 0.9977410731599106
1.05 0.04 0.9958748350812902
1.05 0.05 0.9933363646225719
1.05 0.06 0.9900230327208833
1.05 0.07 0.9858096749974885
1.05 0.08 0.9805466936744203
1.05 0.09 0.9740560279644253
1.05 0.10 0.9661240557935221
1.05 0.11 0.956490114902308
1.05 0.12 0.9448286544145437
1.05 0.13 0.9307218054209085
1.05 0.14 0.9136169197009233
1.05 0.15 0.8927594167606636
1.05 0.16 0.8670831290905818
1.05 0.17 0.8350246819220133
1.05 0.18 0.7942023479542787
1.05 0.19 0.7408884647114773
1.05 0.20 0.6694397458845536
1.05 0.21 0.5734655223382237
1.05 0.22 0.45456554510711605
1.05 0.23 0.180927850393392
1.05 0.24 0.15441288156999255
1.05 0.25 0.1367225903064121
1.05 0.26 0.12340290228729363
1.05 0.27 0.11246014561278764
1.05 0.28 0.10302549810418996
1.05 0.29 0.09481097306455119
1.05 0.30 0.0876708963916127
1.05 0.31 0.08118446037024575
1.05 0.32 0.0747231124932533
1.05 0.33 0.06797873944297234
1.05 0.34 0.06133583625626377
1.05 0.35 0.057224713146124984
1.05 0.36 0.06147339580110761
1.05 0.37 0.10907869085698797
1.05 0.38 0.10979593405517742
1.05 0.39 0.10420546496476954
1.05 0.40 0.09707943004065919
1.05 0.41 0.08947409998759544
1.05 0.42 0.08173080466900454
1.05 0.43 0.0739978083089664
1.05 0.44 0.0663639953431917
1.05 0.45 0.05890352480059573
1.05 0.46 0.05169216510883602
1.05 0.47 0.044810001407783163
1.05 0.48 0.038335833162520996
1.05 0.49 0.03233777496956472
1.05 0.50 0.026864613336965174
1.10 0.00 1.0000000000000375
1.10 0.01 0.999764683888254
1.10 0.02 0.9990467823964921
1.10 0.03 0.9978106342853544
1.10 0.04 0.9959973834879243
1.10 0.05 0.9935255707321399
1.10 0.06 0.9902914305238558
1.10 0.07 0.9861684056726736
1.10 0.08 0.9810052838052563
1.10 0.09 0.9746222312689374
1.10 0.10 0.9668037929029287
1.10 0.11 0.9572875686709459
1.10 0.12 0.945746636444251
1.10 0.13 0.9317626836797053
1.10 0.14 0.9147848776201194
1.10 0.15 0.8940662280986458
1.10 0.16 0.8685638163180723
1.10 0.17 0.8367820753725754
1.10 0.18 0.7965374563668559
1.10 0.19 0.7446774957924449
1.10 0.20 0.6771037115129671
1.10 0.21 0.5904947608494844
1.10 0.22 0.48790260695456167
1.10 0.23 0.38353742945209596
1.10 0.24 0.17352078864181902
1.10 0.25 0.15310638018652037
1.10 0.26 0.13766243938478043
1.10 0.27 0.12506145630690413
1.10 0.28 0.11415818523130242
1.10 0.29 0.10436279458555354
1.10 0.30 0.09535107031451581
1.10 0.31 0.08686948568974663
1.10 0.32 0.07868051779030708
1.10 0.33 0.07065204618044518
1.10 0.34 0.06295425084456273
1.10 0.35 0.05670466149528558
1.10 0.36 0.05804240884201712
1.10 0.37 0.08021904827423668
1.10 0.38 0.09451472264194583
1.10 0.39 0.09542996360189701
1.10 0.40 0.09169852647991242
1.10 0.41 0.08622424690019312
1.10 0.42 0.07999448136561778
1.10 0.43 0.0734213280762446
1.10 0.44 0.0667131285573441
1.10 0.45 0.05999925108408239
1.10 0.46 0.05337932226814168
1.10 0.47 0.04694309859916335
1.10 0.48 0.04077569817364902
1.10 0.49 0.03495478952341716
1.10 0.50 0.02954450801942109
1.15 0.00 0.99999999999999
1.15 0.01 0.9997716092515258
1.15 0.02 0.9990741276980369
1.15 0.03 0.9978708188907202
1.15 0.04 0.9961010112785662
1.15 0.05 0.993680650722385
1.15 0.06 0.9905025335408705
1.15 0.07 0.9864357189430977
1.15 0.08 0.9813235045753406
1.15 0.09 0.9749792082650626
1.15 0.10 0.9671787866839663
1.15 0.11 0.9576489363031713
1.15 0.12 0.9460487320891622
1.15 0.13 0.9319417856227912
1.15 0.14 0.9147543326038147
1.15 0.15 0.8937123878452775
1.15 0.16 0.8677488788478964
1.15 0.17 0.8353734592044433
1.15 0.18 0.7945203329587202
1.15 0.19 0.742489993362507
1.15 0.20 0.6764128288862759
1.15 0.21 0.5951725652351832
1.15 0.22 0.5029687178440281
1.15 0.23 0.4102323252411822
1.15 0.24 0.1875838295698144
1.15 0.25 0.16384011422594635
1.15 0.26 0.14558917088350876
1.15 0.27 0.13068531231051417
1.15 0.28 0.11794247226206353
1.15 0.29 0.10672156507727773
1.15 0.30 0.09665003360838582
1.15 0.31 0.08743503135481569
1.15 0.32 0.07879501924633647
1.15 0.33 0.0705125391746432
1.15 0.34 0.06260039798293268
1.15 0.35 0.05577313014579116
1.15 0.36 0.05326119664529686
1.15 0.37 0.062046462462453225
1.15 0.38 0.07516166719336613
1.15 0.39 0.08081192586985624
1.15 0.40 0.08087885697714278
1.15 0.41 0.07816422039125107
1.15 0.42 0.07402890753332625
1.15 0.43 0.06912154164555409
1.15 0.44 0.06378293420257455
1.15 0.45 0.05821537001523139
1.15 0.46 0.052557044619329155
1.15 0.47 0.0469166360306354
1.15 0.48 0.04138859989448997
1.15 0.49 0.036057798149284434
1.15 0.50 0.030998258844550076
1.20 0.00 0.9999999999999784
1.20 0.01 0.9997776793245491
1.20 0.02 0.9990977996596646
1.20 0.03 0.9979217915089166
1.20 0.04 0.9961858972301718
1.20 0.05 0.9938016623787141
1.20 0.06 0.9906560532679307
1.20 0.07 0.9866106683352378
1.20 0.08 0.9814993846681521
1.20 0.09 0.9751236267690615
1.20 0.10 0.9672442159686854
1.20 0.11 0.9575683851559639
1.20 0.12 0.9457299556641758
1.20 0.13 0.9312598041980854
1.20 0.14 0.9135426890605878
1.20 0.15 0.891755831128609
1.20 0.16 0.8647867012555085
1.20 0.17 0.831139815213817
1.20 0.18 0.7888862045398027
1.20 0.19 0.7358293934195195
1.20 0.20 0.6702789143268842
1.20 0.21 0.5928179203547198
1.20 0.22 0.5081721809019661
1.20 0.23 0.4242285403294131
1.20 0.24 0.3477874842763083
1.20 0.25 0.16856497770298567
1.20 0.26 0.1481306842319307
1.20 0.27 0.13175014198463528
1.20 0.28 0.11803833105570519
1.20 0.29 0.10619042785671443
1.20 0.30 0.0956928282840018
1.20 0.31 0.08616161722843196
1.20 0.32 0.07727923493278908
1.20 0.33 0.06882017020631609
1.20 0.34 0.060785401440669865
1.20 0.35 0.05380160005694645
1.20 0.36 0.050115863991412296
1.20 0.37 0.053261939632071056
1.20 0.38 0.06093018826781166
1.20 0.39 0.0665259865158272
1.20 0.40 0.06850899574484956
1.20 0.41 0.06790106869319576
1.20 0.42 0.06567304727648972
1.20 0.43 0.062433901745229364
1.20 0.44 0.058552067699484296
1.20 0.45 0.05426095757323933
1.20 0.46 0.04972063283618271
1.20 0.47 0.045051882641902685
1.20 0.48 0.04035440895158001
1.20 0.49 0.03571538124271735
1.20 0.50 0.031211965487285664
1.25 0.00 1.0000000000000298
1.25 0.01 0.9997829215146858
1.25 0.02 0.9991178857374212
1.25 0.03 0.9979636668331785
1.25 0.04 0.9962520450330579
1.25 0.05 0.9938882205609114
1.25 0.06 0.9907507738932653
1.25 0.07 0.9866905934423477
1.25 0.08 0.9815280544703923
1.25 0.09 0.9750475703134837
1.25 0.10 0.9669884077249701
1.25 0.11 0.9570303130808748
1.25 0.12 0.9447720217342854
1.25 0.13 0.9297002056017526
1.25 0.14 0.9111463013395691
1.25 0.15 0.8882303647705949
1.25 0.16 0.8597986239430735
1.25 0.17 0.8243843095797789
1.25 0.18 0.7802775796081474
1.25 0.19 0.7258906136768983
1.25 0.20 0.6606577066351744
1.25 0.21 0.5863471057970053
1.25 0.22 0.5076054234638223
1.25 0.23 0.43031741319856054
1.25 0.24 0.35892085281069736
1.25 0.25 0.17021638000689976
1.25 0.26 0.14813222772510304
1.25 0.27 0.13081029765243285
1.25 0.28 0.116554918334134
1.25 0.29 0.10436217739817688
1.25 0.30 0.0935919667447862
1.25 0.31 0.0837974283997627
1.25 0.32 0.07465438665539992
1.25 0.33 0.06597559259274746
1.25 0.34 0.05784047784778152
1.25 0.35 0.05093343332312422
1.25 0.36 0.046959780682189825
1.25 0.37 0.04760429837251043
1.25 0.38 0.05147854039988212
1.25 0.39 0.05527418639521923
1.25 0.40 0.05737972260707192
1.25 0.41 0.057751801289331495
1.25 0.42 0.05677802089887055
1.25 0.43 0.05483173045233023
1.25 0.44 0.05219384392376645
1.25 0.45 0.049066622959656365
1.25 0.46 0.04559876433805078
1.25 0.47 0.04190534377656689
1.25 0.48 0.03808112393123756
1.25 0.49 0.034208364414781346
1.25 0.50 0.030360460138219296
1.30 0.00 0.9999999999999735
1.30 0.01 0.9997873689778345
1.30 0.02 0.9991344882871047
1.30 0.03 0.9979965637471546
1.30 0.04 0.996299396464672
1.30 0.05 0.9939397134992047
1.30 0.06 0.9907849450211006
1.30 0.07 0.9866718109828714
1.30 0.08 0.9814029384026808
1.30 0.09 0.9747405729392542
1.30 0.10 0.9663962516468578
1.30 0.11 0.9560150508032256
1.30 0.12 0.9431528012388648
1.30 0.13 0.9272447604044665
1.30 0.14 0.9075655596500887
1.30 0.15 0.8831850103881036
1.30 0.16 0.8529374965664993
1.30 0.17 0.8154523644499168
1.30 0.18 0.7693445074414875
1.30 0.19 0.7137057332643484
1.30 0.20 0.6489274908281037
1.30 0.21 0.5774248505071355
1.30 0.22 0.5033431885880564
1.30 0.23 0.43098637930623096
1.30 0.24 0.36330519073541645
1.30 0.25 0.17035604553243291
1.30 0.26 0.14684989895478526
1.30 0.27 0.12875483906452956
1.30 0.28 0.11405194364689536
1.30 0.29 0.10154399212926551
1.30 0.30 0.09048689309602083
1.30 0.31 0.0803960184452433
1.30 0.32 0.07096783297002185
1.30 0.33 0.062096930030031645
1.30 0.34 0.05400297210278543
1.30 0.35 0.04743592365085648
1.30 0.36 0.043582989192543
1.30 0.37 0.04301793743137209
1.30 0.38 0.04467867031885917
1.30 0.39 0.04681313738672167
1.30 0.40 0.048326583295011175
1.30 0.41 0.048885498925632445
1.30 0.42 0.048527818219095534
1.30 0.43 0.04740309970386864
1.30 0.44 0.04566920482354434
1.30 0.45 0.04346287360474595
1.30 0.46 0.040896826012628194
1.30 0.47 0.03806447676039317
1.30 0.48 0.035045597858749875
1.30 0.49 0.03191075865184454
1.30 0.50 0.02872399486782465
1.35 0.00 1.0000000000000209
1.35 0.01 0.9997910651317163
1.35 0.02 0.9991477438301875
1.35 0.03 0.9980206537330794
1.35 0.04 0.9963279319834185
1.35 0.05 0.9939554948478542
1.35 0.06 0.9907566323636614
1.35 0.07 0.9865502381247963
1.35 0.08 0.981116837971555
1.35 0.09 0.9741914641059353
1.35 0.10 0.9654522985994004
1.35 0.11 0.9545039580813196
1.35 0.12 0.9408544942510064
1.35 0.13 0.9238861885450295
1.35 0.14 0.9028233591619298
1.35 0.15 0.8767082715916416
1.35 0.16 0.8444131242306497
1.35 0.17 0.8047447721905137
1.35 0.18 0.7567267819744068
1.35 0.19 0.7001111780449387
1.35 0.20 0.6359724250787291
1.35 0.21 0.5669039223875283
1.35 0.22 0.49635895192941165
1.35 0.23 0.42746696955869995
1.35 0.24 0.36231204102076886
1.35 0.25 0.16920454999291945
1.35 0.26 0.14440624256697207
1.35 0.27 0.12559248223608202
1.35 0.28 0.11044712269873014
1.35 0.29 0.09759971787299018
1.35 0.30 0.08622858218422198
1.35 0.31 0.07584331179848185
1.35 0.32 0.06620130594926264
1.35 0.33 0.05732336118879062
1.35 0.34 0.04956643359832717
1.35 0.35 0.04360657550643222
1.35 0.36 0.040069370796970094
1.35 0.37 0.03891214002895926
1.35 0.38 0.039321241191002124
1.35 0.39 0.04029841847172087
1.35 0.40 0.041151263786449246
1.35 0.41 0.041551065773667295
1.35 0.42 0.0414022058186368
1.35 0.43 0.04072200184685705
1.35 0.44 0.03957157005751738
1.35 0.45 0.038023311623688195
1.35 0.46 0.03614793796832538
1.35 0.47 0.03401061844428088
1.35 0.48 0.03167089852526034
1.35 0.49 0.029183783737225348
1.35 0.50 0.026600771405987326
1.40 0.00 0.9999999999999699
1.40 0.01 0.9997940672369368
1.40 0.02 0.9991578383819846
1.40 0.03 0.9980361997242652
1.40 0.04 0.9963377530644142
1.40 0.05 0.9939350442825374
1.40 0.06 0.990664017783075
1.40 0.07 0.9863219349061396
1.40 0.08 0.9806628889186464
1.40 0.09 0.9733900080124084
1.40 0.10 0.9641434744572642
1.40 0.11 0.9524837389417474
1.40 0.12 0.9378701213773084
1.40 0.13 0.9196370935589059
1.40 0.14 0.8969754529466618
1.40 0.15 0.868935538142841
1.40 0.16 0.8344862858387924
1.40 0.17 0.792682038380079
1.40 0.18 0.7429823993150306
1.40 0.19 0.6856839056131665
1.40 0.20 0.6222335065003197
1.40 0.21 0.5550771814876256
1.40 0.22 0.4869774868218853
1.40 0.23 0.42028104976300995
1.40 0.24 0.20274883743523253
1.40 0.25 0.16642327703974058
1.40 0.26 0.14049000383865642
1.40 0.27 0.12103206063932492
1.40 0.28 0.1054741437355934
1.40 0.29 0.0923073062098947
1.40 0.30 0.0806721737878481
1.40 0.31 0.07011785109862335
1.40 0.32 0.060503374479480156
1.40 0.33 0.05197185241708295
1.40 0.34 0.04490059131069528
1.40 0.35 0.039711330696752936
1.40 0.36 0.036555119523138564
1.40 0.37 0.03513343984803455
1.40 0.38 0.034848058507263496
1.40 0.39 0.03509233124000045
1.40 0.40 0.03542362259533857
1.40 0.41 0.03558283181715949
1.40 0.42 0.03544651400309408
1.40 0.43 0.03497409099927531
1.40 0.44 0.034169913954203886
1.40 0.45 0.03306028843164352
1.40 0.46 0.03168094355534484
1.40 0.47 0.030070826635311233
1.40 0.48 0.028269402920637933
1.40 0.49 0.026315700202793342
1.40 0.50 0.024248050233096275
1.45 0.00 0.9999999999999589
1.45 0.01 0.9997964481871486
1.45 0.02 0.9991650154788113
1.45 0.03 0.998043578086954
1.45 0.04 0.9963291330237959
1.45 0.05 0.9938780769898018
1.45 0.06 0.9905056223729526
1.45 0.07 0.9859835346557615
1.45 0.08 0.9800353394477932
1.45 0.09 0.9723282321282631
1.45 0.10 0.962461201637226
1.45 0.11 0.9499495532412717
1.45 0.12 0.9342075196325215
1.45 0.13 0.9145338092976116
1.45 0.14 0.8901109849674269
1.45 0.15 0.8600394135471656
1.45 0.16 0.8234379871592916
1.45 0.17 0.7796449649300252
1.45 0.18 0.7285154094971447
1.45 0.19 0.6707124112203886
1.45 0.20 0.6077807619256406
1.45 0.21 0.5418504719689714
1.45 0.22 0.4751256903542201
1.45 0.23 0.4095472292755467
1.45 0.24 0.1993512214959581
1.45 0.25 0.16151289123126233
1.45 0.26 0.1346906497577377
1.45 0.27 0.1147543955672509
1.45 0.28 0.09891056055873211
1.45 0.29 0.08556370582658715
1.45 0.30 0.0738691662308489
1.45 0.31 0.0634538351956041
1.45 0.32 0.05427015438410769
1.45 0.33 0.04648618368859179
1.45 0.34 0.04033649650593069
1.45 0.35 0.035935927424188434
1.45 0.36 0.033156200876138305
1.45 0.37 0.031652868447251646
1.45 0.38 0.03099749709392966
1.45 0.39 0.030801211143867517
1.45 0.40 0.030771798736096125
1.45 0.41 0.03071682120764773
1.45 0.42 0.030523081203324837
1.45 0.43 0.03013264126228149
1.45 0.44 0.029523141253701507
1.45 0.45 0.028693865931093205
1.45 0.46 0.027656688599286716
1.45 0.47 0.026430562998008056
1.45 0.48 0.025038375202164558
1.45 0.49 0.023505241963112822
1.45 0.50 0.021857601689802095
1.50 0.00 0.9999999999999819
1.50 0.01 0.9997982962014522
1.50 0.02 0.9991695756951866
1.50 0.03 0.9980432809762743
1.50 0.04 0.9963025323490822
1.50 0.05 0.9937845948650916
1.50 0.06 0.9902804346008727
1.50 0.07 0.98553251594534
1.50 0.08 0.9792300615698086
1.50 0.09 0.971001275749255
1.50 0.10 0.9604026275819897
1.50 0.11 0.9469064328650095
1.50 0.12 0.9298901302167738
1.50 0.13 0.9086344257265987
1.50 0.14 0.8823434106041337
1.50 0.15 0.8502067915375422
1.50 0.16 0.8115269325247056
1.50 0.17 0.7659178874770756
1.50 0.18 0.7135334884935702
1.50 0.19 0.6552091613286001
1.50 0.20 0.5923895838024421
1.50 0.21 0.5268571793655155
1.50 0.22 0.46048192901326557
1.50 0.23 0.24648337078986218
1.50 0.24 0.19295426627252688
1.50 0.25 0.15399438468897853
1.50 0.26 0.12668021333824303
1.50 0.27 0.10658860633937345
1.50 0.28 0.09074994181604312
1.50 0.29 0.07754439859062834
1.50 0.30 0.0661812236307128
1.50 0.31 0.05635328289881261
1.50 0.32 0.04802315458427586
1.50 0.33 0.04125614063603185
1.50 0.34 0.03607778350082991
1.50 0.35 0.03238686175810407
1.50 0.36 0.029951737205687615
1.50 0.37 0.0284691678039092
1.50 0.38 0.027634323499279655
1.50 0.39 0.027186721542605447
1.50 0.40 0.026926652949297893
1.50 0.41 0.02671274506631712
1.50 0.42 0.026451472542671692
1.50 0.43 0.0260854014021138
1.50 0.44 0.02558281833120817
1.50 0.45 0.024929712784666616
1.50 0.46 0.024123928166440843
1.50 0.47 0.023171136902236558
1.50 0.48 0.022082190874328507
1.50 0.49 0.020871440094749207
1.50 0.50 0.019555673037561096
1.55 0.00 1.0000000000000067
1.55 0.01 0.9997997119770751
1.55 0.02 0.9991718657983713
1.55 0.03 0.9980358947904722
1.55 0.04 0.9962585692340615
1.55 0.05 0.9936548617344985
1.55 0.06 0.9899879186109279
1.55 0.07 0.9849672834180497
1.55 0.08 0.9782447379636594
1.55 0.09 0.969407667301472
1.55 0.10 0.9579708030245655
1.55 0.11 0.9433687790191521
1.55 0.12 0.9249544460202569
1.55 0.13 0.9020115384459946
1.55 0.14 0.8737944892242002
1.55 0.15 0.8396101682781676
1.55 0.16 0.7989493913431823
1.55 0.17 0.7516508005313849
1.55 0.18 0.6980372486413284
1.55 0.19 0.6389411720437354
1.55 0.20 0.5755975057412648
1.55 0.21 0.5095277931801616
1.55 0.22 0.4425821838232993
1.55 0.23 0.23810391496147834
1.55 0.24 0.18303978896353293
1.55 0.25 0.1435540380164812
1.55 0.26 0.11638890932399731
1.55 0.27 0.09668282331868273
1.55 0.28 0.08133986448204843
1.55 0.29 0.06876704620898946
1.55 0.30 0.05822357291362851
1.55 0.31 0.04940423831662466
1.55 0.32 0.042191729791354785
1.55 0.33 0.0365034345778859
1.55 0.34 0.032209994711477875
1.55 0.35 0.029116832761784922
1.55 0.36 0.02698765996845188
1.55 0.37 0.02558087384765019
1.55 0.38 0.024678110928179176
1.55 0.39 0.024098470280158726
1.55 0.40 0.02370111049578826
1.55 0.41 0.023381535481160752
1.55 0.42 0.023065409600734516
1.55 0.43 0.02270215346456302
1.55 0.44 0.022259260570516016
1.55 0.45 0.021717644152399428
1.55 0.46 0.021068015790397784
1.55 0.47 0.02030818182886844
1.55 0.48 0.019441095823260743
1.55 0.49 0.018473495738033117
1.55 0.50 0.017414958634312097
1.60 0.00 0.9999999999999846
1.60 0.01 0.9998008037872899
1.60 0.02 0.9991722597935979
1.60 0.03 0.9980220601899364
1.60 0.04 0.996197957135452
1.60 0.05 0.9934893228619064
1.60 0.06 0.9896279252981037
1.60 0.07 0.9842870731209908
1.60 0.08 0.9770787254625386
1.60 0.09 0.9675489982438199
1.60 0.10 0.955173786206708
1.60 0.11 0.9393580502142536
1.60 0.12 0.9194447114508361
1.60 0.13 0.8947415593514717
1.60 0.14 0.8645756522013782
1.60 0.15 0.8283808146164076
1.60 0.16 0.7858102158658103
1.60 0.17 0.7368417121741881
1.60 0.18 0.6818253922691047
1.60 0.19 0.621452608744909
1.60 0.20 0.5567313968912735
1.60 0.21 0.48913840924967833
1.60 0.22 0.29248931402010125
1.60 0.23 0.2255813624086024
1.60 0.24 0.16924052915678306
1.60 0.25 0.1302636744661657
1.60 0.26 0.10419852453886275
1.60 0.27 0.08561805741258985
1.60 0.28 0.07138131335246835
1.60 0.29 0.059957988525495956
1.60 0.30 0.050630766578962705
1.60 0.31 0.04304893367551733
1.60 0.32 0.03699964045738656
1.60 0.33 0.03229832586455356
1.60 0.34 0.028749415759829925
1.60 0.35 0.026145991431130767
1.60 0.36 0.024284593122034546
1.60 0.37 0.022979893695909297
1.60 0.38 0.022073309232586512
1.60 0.39 0.021435368387436142
1.60 0.40 0.020964022227153108
1.60 0.41 0.02058110099924091
1.60 0.42 0.020228259256920664
1.60 0.43 0.01986314654294086
1.60 0.44 0.019456070958167166
1.60 0.45 0.018987216236325245
1.60 0.46 0.01844439944994506
1.60 0.47 0.017821313172275234
1.60 0.48 0.017116181552314425
1.60 0.49 0.016330757040836256
1.60 0.50 0.015469576998714832
1.65 0.00 0.9999999999999529
1.65 0.01 0.9998016811082229
1.65 0.02 0.9991711337555814
1.65 0.03 0.9980024173825712
1.65 0.04 0.9961214115693734
1.65 0.05 0.9932884712321479
1.65 0.06 0.9892005094539111
1.65 0.07 0.9834916890221386
1.65 0.08 0.9757326156841384
1.65 0.09 0.9654290720675565
1.65 0.10 0.9520228707650391
1.65 0.11 0.9348991604133925
1.65 0.12 0.9134060885133307
1.65 0.13 0.8868930482616157
1.65 0.14 0.8547708482465658
1.65 0.15 0.8165884300046595
1.65 0.16 0.7721056973729904
1.65 0.17 0.721329272622958
1.65 0.18 0.6644947910099015
1.65 0.19 0.6020620418631613
1.65 0.20 0.5349124704750181
1.65 0.21 0.3453859302478557
1.65 0.22 0.27866417573515756
1.65 0.23 0.20819916094594196
1.65 0.24 0.1516849098161785
1.65 0.25 0.11484213475901518
1.65 0.26 0.09101724092823395
1.65 0.27 0.07431393041612083
1.65 0.28 0.06170455410223001
1.65 0.29 0.05177253934708412
1.65 0.30 0.043828623342415066
1.65 0.31 0.037490508710040754
1.65 0.32 0.03249588797421009
1.65 0.33 0.02862575866656958
1.65 0.34 0.025679884749861038
1.65 0.35 0.02347431049426483
1.65 0.36 0.021845133161014222
1.65 0.37 0.020651568614420173
1.65 0.38 0.01977647940193087
1.65 0.39 0.0191248012778255
1.65 0.40 0.018620849695738743
1.65 0.41 0.018205324502668985
1.65 0.42 0.017832481235614234
1.65 0.43 0.017467633637097062
1.65 0.44 0.017085054760701684
1.65 0.45 0.016666231561839818
1.65 0.46 0.0161984442423838
1.65 0.47 0.015673624061143338
1.65 0.48 0.01508744960758978
1.65 0.49 0.014438643019241117
1.65 0.50 0.013728424203946018
1.70 0.00 0.9999999999999823
1.70 0.01 0.9998024477055387
1.70 0.02 0.9991688386057122
1.70 0.03 0.9979775467762333
1.70 0.04 0.9960295506474952
1.70 0.05 0.9930526954117772
1.70 0.06 0.9887057045376555
1.70 0.07 0.9825811486971633
1.70 0.08 0.9742076072368697
1.70 0.09 0.9630527073340727
1.70 0.10 0.9485303085181993
1.70 0.11 0.930016318582612
1.70 0.12 0.9068776491115931
1.70 0.13 0.8785162158994463
1.70 0.14 0.8444231706927857
1.70 0.15 0.8042274249649481
1.70 0.16 0.7577120547674576
1.70 0.17 0.7047803936118894
1.70 0.18 0.6454165146991367
1.70 0.19 0.4448800731721172
1.70 0.20 0.3919147621658422
1.70 0.21 0.3318235833614244
1.70 0.22 0.25981233073088705
1.70 0.23 0.18563887349895483
1.70 0.24 0.1314769184893083
1.70 0.25 0.0986820565526495
1.70 0.26 0.07804142463914109
1.70 0.27 0.0636952497026492
1.70 0.28 0.05295512115040965
1.70 0.29 0.04459001469591207
1.70 0.30 0.03797666402196252
1.70 0.31 0.032745227763779264
1.70 0.32 0.02863468100805829
1.70 0.33 0.025435901982811333
1.70 0.34 0.02297139386086804
1.70 0.35 0.021089017383015083
1.70 0.36 0.019659853620926017
1.70 0.37 0.018576493903396954
1.70 0.38 0.017750834882282407
1.70 0.39 0.017111481925652056
1.70 0.40 0.016601131288505773
1.70 0.41 0.016174150358252183
1.70 0.42 0.015794500904940504
1.70 0.43 0.015434010547778336
1.70 0.44 0.015070953430814153
1.70 0.45 0.014688898327894603
1.70 0.46 0.014275773541544974
1.70 0.47 0.013823110162985819
1.70 0.48 0.013325436097693544
1.70 0.49 0.012779791236916447
1.70 0.50 0.01218534128035471
1.75 0.00 0.9999999999999498
1.75 0.01 0.9998031953568067
1.75 0.02 0.999165675433198
1.75 0.03 0.9979479149973844
1.75 0.04 0.9959228013652801
1.75 0.05 0.9927821344677843
1.75 0.06 0.9881432947931251
1.75 0.07 0.9815552909356344
1.75 0.08 0.9725047906119052
1.75 0.09 0.9604244178727624
1.75 0.10 0.9447069326132503
1.75 0.11 0.924729032560274
1.75 0.12 0.8998862663366475
1.75 0.13 0.869634679565273
1.75 0.14 0.8335251632658949
1.75 0.15 0.7912059535311695
1.75 0.16 0.7423688389228112
1.75 0.17 0.6866553187934814
1.75 0.18 0.48485700144994404
1.75 0.19 0.433713892044565
1.75 0.20 0.37892090005039775
1.75 0.21 0.3142324855326334
1.75 0.22 0.2345639341991103
1.75 0.23 0.15896473669831607
1.75 0.24 0.11075222110385352
1.75 0.25 0.08337608280702052
1.75 0.26 0.06628450308600015
1.75 0.27 0.054362477475950584
1.75 0.28 0.04543542852468198
1.75 0.29 0.03850558785311929
1.75 0.30 0.033046983402096004
1.75 0.31 0.028734286682625565
1.75 0.32 0.02533564688742425
1.75 0.33 0.02266979227603662
1.75 0.34 0.02058865639801926
1.75 0.35 0.018969762591149873
1.75 0.36 0.017712042990315275
1.75 0.37 0.016732617374605296
1.75 0.38 0.01596397725996622
1.75 0.39 0.015351397219306279
1.75 0.40 0.014850666851131596
1.75 0.41 0.01442616243352863
1.75 0.42 0.014049272603074675
1.75 0.43 0.013697132536191566
1.75 0.44 0.013351612599717677
1.75 0.45 0.012998512974064083
1.75 0.46 0.012626919795509745
1.75 0.47 0.012228688921602771
1.75 0.48 0.011798032011343416
1.75 0.49 0.01133118295829354
1.75 0.50 0.010826129086241755
1.80 0.00 0.9999999999999585
1.80 0.01 0.9998039990078739
1.80 0.02 0.9991618765076035
1.80 0.03 0.9979138337810576
1.80 0.04 0.9958013288290768
1.80 0.05 0.9924765617523765
1.80 0.06 0.9875126153749776
1.80 0.07 0.9804134124651399
1.80 0.08 0.9706244647070537
1.80 0.09 0.9575471594592561
1.80 0.10 0.9405600179036183
1.80 0.11 0.9190487630483634
1.80 0.12 0.8924418770817211
1.80 0.13 0.8602392895725762
1.80 0.14 0.8220103649088643
1.80 0.15 0.7773304073158882
1.80 0.16 0.5764310343244065
1.80 0.17 0.5247809782086532
1.80 0.18 0.4735347324976048
1.80 0.19 0.42104388016385264
1.80 0.20 0.3630993335494085
1.80 0.21 0.29082618255371456
1.80 0.22 0.20253381703169743
1.80 0.23 0.13123512675530097
1.80 0.24 0.09180230821602578
1.80 0.25 0.07004173805691519
1.80 0.26 0.05625914451880951
1.80 0.27 0.04650871263149557
1.80 0.28 0.03915800907609386
1.80 0.29 0.03343808705600246
1.80 0.30 0.02892551235752197
1.80 0.31 0.025349265409978047
1.80 0.32 0.02251435999844165
1.80 0.33 0.020270007468363275
1.80 0.34 0.018495388256822162
1.80 0.35 0.017092416163293392
1.80 0.36 0.01598125816224497
1.80 0.37 0.015097012303283985
1.80 0.38 0.0143869896647136
1.80 0.39 0.013808435833968204
1.80 0.40 0.01332664073668883
1.80 0.41 0.012913396958390621
1.80 0.42 0.012545769769354533
1.80 0.43 0.012205140192064003
1.80 0.44 0.011876439232133648
1.80 0.45 0.011547560511077897
1.80 0.46 0.011208895063943335
1.80 0.47 0.01085296446274011
1.80 0.48 0.010474130350757279
1.80 0.49 0.010068361020514876
1.80 0.50 0.009633044682132195
1.85 0.00 0.9999999999999929
1.85 0.01 0.9998049138651792
1.85 0.02 0.999157594404011
1.85 0.03 0.9978754366174383
1.85 0.04 0.9956649936166652
1.85 0.05 0.9921353106588923
1.85 0.06 0.9868124091147987
1.85 0.07 0.9791539732579408
1.85 0.08 0.968565557161535
1.85 0.09 0.9544212865158967
1.85 0.10 0.936091592493542
1.85 0.11 0.9129764228672205
1.85 0.12 0.8845339458696517
1.85 0.13 0.8502825182084874
1.85 0.14 0.8097413942914684
1.85 0.15 0.6191999375144619
1.85 0.16 0.5658281901871647
1.85 0.17 0.5133472127267524
1.85 0.18 0.46099947918182616
1.85 0.19 0.40637024568467217
1.85 0.20 0.34311239736247134
1.85 0.21 0.25951898838035387
1.85 0.22 0.16638805610558338
1.85 0.23 0.10619061306094077
1.85 0.24 0.07596604192510058
1.85 0.25 0.05904884392351824
1.85 0.26 0.048008939470173574
1.85 0.27 0.04004547943138606
1.85 0.28 0.03398132945273725
1.85 0.29 0.02923700214180579
1.85 0.30 0.025478230936949803
1.85 0.31 0.022484207274664568
1.85 0.32 0.020094263782554415
1.85 0.33 0.018184540664833194
1.85 0.34 0.016656718250485578
1.85 0.35 0.015431751378133862
1.85 0.36 0.014445794855537085
1.85 0.37 0.013647186633799541
1.85 0.38 0.012994058998597298
1.85 0.39 0.012452407053328432
1.85 0.40 0.011994525475717313
1.85 0.41 0.011597764131926293
1.85 0.42 0.011243549037773028
1.85 0.43 0.01091662160364848
1.85 0.44 0.010604449415113968
1.85 0.45 0.01029677110447197
1.85 0.46 0.00998524788864287
1.85 0.47 0.009663189583783423
1.85 0.48 0.0093253437476176
1.85 0.49 0.008967728332513598
1.85 0.50 0.008587499499007265
1.90 0.00 0.9999999999999512
1.90 0.01 0.9998059748279073
1.90 0.02 0.9991528989502434
1.90 0.03 0.9978326723979667
1.90 0.04 0.9955133432220512
1.90 0.05 0.9917572489643609
1.90 0.06 0.986040745034392
1.90 0.07 0.977774389278707
1.90 0.08 0.9663251878232628
1.90 0.09 0.9510437997756684
1.90 0.10 0.93129726470075
1.90 0.11 0.9065005931903352
1.90 0.12 0.8761281964584418
1.90 0.13 0.7185837092823048
1.90 0.14 0.663646130508891
1.90 0.15 0.6086066524954894
1.90 0.16 0.5543530038015757
1.90 0.17 0.5008785109393035
1.90 0.18 0.4469562685803266
1.90 0.19 0.38887604604779735
1.90 0.20 0.316912849748447
1.90 0.21 0.2198033676723266
1.90 0.22 0.13189564123010927
1.90 0.23 0.08596498783782808
1.90 0.24 0.0634089285253073
1.90 0.25 0.050228834196936925
1.90 0.26 0.041319652743155
1.90 0.27 0.034763458951503276
1.90 0.28 0.029717786084403456
1.90 0.29 0.02574518779575507
1.90 0.30 0.02258148982053395
1.90 0.31 0.02004712218472943
1.90 0.32 0.01800989651662597
1.90 0.33 0.01636786129981516
1.90 0.34 0.015040435202976023
1.90 0.35 0.013963181202801038
1.90 0.36 0.013084281241590601
1.90 0.37 0.012361923320654196
1.90 0.38 0.011762262096336507
1.90 0.39 0.011257789697592623
1.90 0.40 0.01082604046514786
1.90 0.41 0.010448586960832675
1.90 0.42 0.010110208843657683
1.90 0.43 0.009798309602955042
1.90 0.44 0.009502427349678256
1.90 0.45 0.009213875166936837
1.90 0.46 0.008925466989575909
1.90 0.47 0.008631305098658486
1.90 0.48 0.008326625483901123
1.90 0.49 0.008007662493362159
1.90 0.50 0.007671563979638203
1.95 0.00 0.9999999999999268
1.95 0.01 0.9998071971156077
1.95 0.02 0.9991477818732089
1.95 0.03 0.9977853175884754
1.95 0.04 0.9953456288890391
1.95 0.05 0.9913407895139029
1.95 0.06 0.9851949902816802
1.95 0.07 0.9762709037476649
1.95 0.08 0.9638984049354791
1.95 0.09 0.9474078905757988
1.95 0.10 0.9261654437313461
1.95 0.11 0.8148931473553881
1.95 0.12 0.7638941039660201
1.95 0.13 0.7093276298399052
1.95 0.14 0.6532388447547551
1.95 0.15 0.5972021220853723
1.95 0.16 0.5419650468907047
1.95 0.17 0.48720701235526276
1.95 0.18 0.43093012326560476
1.95 0.19 0.36724516103462573
1.95 0.20 0.28209785852277885
1.95 0.21 0.17598563798150216
1.95 0.22 0.10381763789287612
1.95 0.23 0.07058996218302738
1.95 0.24 0.05364068437620262
1.95 0.25 0.04319848968572364
1.95 0.26 0.03590193077862734
1.95 0.27 0.030436197195385234
1.95 0.28 0.026189101695383736
1.95 0.29 0.022824707162606338
1.95 0.30 0.02013146727712679
1.95 0.31 0.017962004099801532
1.95 0.32 0.01620668925632943
1.95 0.33 0.014780823532265442
1.95 0.34 0.013617598192986146
1.95 0.35 0.01266376066939242
1.95 0.36 0.011876607490339685
1.95 0.37 0.011221748668434938
1.95 0.38 0.010671374107092903
1.95 0.39 0.010202876378913477
1.95 0.40 0.009797772444085882
1.95 0.41 0.009440854095134045
1.95 0.42 0.009119524489346956
1.95 0.43 0.008823289044946989
1.95 0.44 0.008543365121176925
1.95 0.45 0.008272384651875355
1.95 0.46 0.008004169865421528
1.95 0.47 0.0077335652587828966
1.95 0.48 0.007456309506454853
1.95 0.49 0.007168940245209498
1.95 0.50 0.006868721768535334
2.00 0.00 0.9999999999999136
2.00 0.01 0.9998085790283492
2.00 0.02 0.9991421662804507
2.00 0.03 0.997732998602981
2.00 0.04 0.9951608417614738
2.00 0.05 0.9908839249780439
2.00 0.06 0.9842718071785376
2.00 0.07 0.9746385523902071
2.00 0.08 0.9275199858567689
2.00 0.09 0.8950231556256911
2.00 0.10 0.8549322794316421
2.00 0.11 0.8078612197629644
2.00 0.12 0.7553081697341149
2.00 0.13 0.6993547442769718
2.00 0.14 0.6420790299860176
2.00 0.15 0.5849764853622843
2.00 0.16 0.5285744771955244
2.00 0.17 0.4720610622733521
2.00 0.18 0.41216701224656793
2.00 0.19 0.3395201709504866
2.00 0.20 0.23806646607501003
2.00 0.21 0.1362221222627456
2.00 0.22 0.08306197266707441
2.00 0.23 0.0590824272516315
2.00 0.24 0.04602280689803973
2.00 0.25 0.03756344015974337
2.00 0.26 0.03148506008310831
2.00 0.27 0.026864862320266546
2.00 0.28 0.02324561500542728
2.00 0.29 0.020362989111095707
2.00 0.30 0.01804444342618819
2.00 0.31 0.016167326374154727
2.00 0.32 0.014639624688324132
2.00 0.33 0.013390110539234654
2.00 0.34 0.012362669836145444
2.00 0.35 0.011512669924698302
2.00 0.36 0.01080439384446077
2.00 0.37 0.010209122710890117
2.00 0.38 0.009703656316332375
2.00 0.39 0.009269137998378788
2.00 0.40 0.008890146011814504
2.00 0.41 0.0085539746081355
2.00 0.42 0.008250073956599737
2.00 0.43 0.007969622361693322
2.00 0.44 0.007705196549775907
2.00 0.45 0.0074505217788008145
2.00 0.46 0.007200284578630509
2.00 0.47 0.006949992646390881
2.00 0.48 0.006695870338791449
2.00 0.49 0.00643478193409465
2.00 0.50 0.006164174947230706
2.05 0.00 0.9999999999999423
2.05 0.01 0.9997880249453659
2.05 0.02 0.998884852629417
2.05 0.03 0.996555828186673
2.05 0.04 0.9917611418246685
2.05 0.05 0.9833278261071026
2.05 0.06 0.9700668419396823
2.05 0.07 0.9508381720724486
2.05 0.08 0.9246296726534275
2.05 0.09 0.8907314701335856
2.05 0.10 0.8490226306456456
2.05 0.11 0.800252198738755
2.05 0.12 0.7460758423227727
2.05 0.13 0.6886874998318733
2.05 0.14 0.630171075064561
2.05 0.15 0.5718864853224621
2.05 0.16 0.514029104212994
2.05 0.17 0.45501654194999125
2.05 0.18 0.38949996805345277
2.05 0.19 0.30345634548643885
2.05 0.20 0.18970017086442265
2.05 0.21 0.10567160569908049
2.05 0.22 0.06815994936575068
2.05 0.23 0.05037442363030717
2.05 0.24 0.040002422724803414
2.05 0.25 0.03299516587103199
2.05 0.26 0.027847431235683787
2.05 0.27 0.023889308712518285
2.05 0.28 0.0207682825766631
2.05 0.29 0.0182709883619497
2.05 0.30 0.016253968078489223
2.05 0.31 0.014613611939029223
2.05 0.32 0.013271684194241663
2.05 0.33 0.01216752443510704
2.05 0.34 0.011253388788158548
2.05 0.35 0.010491363396162117
2.05 0.36 0.009851159198359924
2.05 0.37 0.009308455141626584
2.05 0.38 0.008843624191092988
2.05 0.39 0.008440722887060954
2.05 0.40 0.008086715195870207
2.05 0.41 0.007770855828767692
2.05 0.42 0.007484212663638989
2.05 0.43 0.007219299393409012
2.05 0.44 0.006969794117111079
2.05 0.45 0.0067303249265300335
2.05 0.46 0.006496309309132767
2.05 0.47 0.006263834767870115
2.05 0.48 0.006029570720750506
2.05 0.49 0.0057907043127426085
2.05 0.50 0.005544893964586688
2.10 0.00 0.999999999999873
2.10 0.01 0.9997932174422348
2.10 0.02 0.9988905505970319
2.10 0.03 0.9965152953906232
2.10 0.04 0.9915669201372413
2.10 0.05 0.9828034697956723
2.10 0.06 0.9689688854440114
2.10 0.07 0.9488686501656611
2.10 0.08 0.9214633417691638
2.10 0.09 0.8860630626473547
2.10 0.10 0.842633930109858
2.10 0.11 0.7920755839157698
2.10 0.12 0.7362100908297169
2.10 0.13 0.6773333137813216
2.10 0.14 0.6174972099380568
2.10 0.15 0.5578505212610636
2.10 0.16 0.49809245914844774
2.10 0.17 0.4354270376371595
2.10 0.18 0.3612724394829057
2.10 0.19 0.25840688526725175
2.10 0.20 0.14610051255381776
2.10 0.21 0.08407389824325585
2.10 0.22 0.057326694975103856
2.10 0.23 0.04363856292701608
2.10 0.24 0.03516237291542272
2.10 0.25 0.029241932058834026
2.10 0.26 0.024817633517977403
2.10 0.27 0.021385240435989192
2.10 0.28 0.01866448878707755
2.10 0.29 0.016479038924852092
2.10 0.30 0.014707481757600007
2.10 0.31 0.013261055344275928
2.10 0.32 0.012072408011753862
2.10 0.33 0.011089260854654582
2.10 0.34 0.010270499758180517
2.10 0.35 0.009583519912002148
2.10 0.36 0.009002310165727646
2.10 0.37 0.00850601094731649
2.10 0.38 0.008077806517433603
2.10 0.39 0.007704046980346775
2.10 0.40 0.0073735792351155936
2.10 0.41 0.007077211400029468
2.10 0.42 0.006807300088217659
2.10 0.43 0.006557432501598395
2.10 0.44 0.006322181651907167
2.10 0.45 0.006096919770290355
2.10 0.46 0.005877678346129001
2.10 0.47 0.005661044656478987
2.10 0.48 0.005444084910200521
2.10 0.49 0.005224289088731654
2.10 0.50 0.0049995307624221335
2.15 0.00 0.9999999999998419
2.15 0.01 0.9997978410203873
2.15 0.02 0.998892511468541
2.15 0.03 0.9964615869784815
2.15 0.04 0.9913394426116258
2.15 0.05 0.9822113444868061
2.15 0.06 0.9677514507777518
2.15 0.07 0.9467092603869183
2.15 0.08 0.9180187250693703
2.15 0.09 0.8810158188309934
2.15 0.10 0.8357661569460411
2.15 0.11 0.7833347537567744
2.15 0.12 0.7257149455686565
2.15 0.13 0.6652858422619397
2.15 0.14 0.6040160528098935
2.15 0.15 0.5427387968429938
2.15 0.16 0.4804100206145818
2.15 0.17 0.4123392924949461
2.15 0.18 0.32563250890478795
2.15 0.19 0.2085536087169782
2.15 0.20 0.11282931953735864
2.15 0.21 0.06897520695224243
2.15 0.22 0.04921675227314941
2.15 0.23 0.03830037470446958
2.15 0.24 0.031203277740995728
2.15 0.25 0.0261169406518214
2.15 0.26 0.022265908111497312
2.15 0.27 0.01925744239602155
2.15 0.28 0.016862604231658702
2.15 0.29 0.014932666628318225
2.15 0.30 0.013363297457008292
2.15 0.31 0.012077506882782448
2.15 0.32 0.01101666525699247
2.15 0.33 0.010135234891649338
2.15 0.34 0.009397425280271095
2.15 0.35 0.008774887373399876
2.15 0.36 0.00824503147878308
2.15 0.37 0.0077897627675255765
2.15 0.38 0.007394509343391261
2.15 0.39 0.0070474512692815395
2.15 0.40 0.006738939955940972
2.15 0.41 0.00646102764749185
2.15 0.42 0.006207108025348609
2.15 0.43 0.005971636434459972
2.15 0.44 0.005749915989809629
2.15 0.45 0.005537932979066837
2.15 0.46 0.005332233589458495
2.15 0.47 0.005129831563869107
2.15 0.48 0.004928141010106005
2.15 0.49 0.0047249273533062
2.15 0.50 0.004518272946138071
2.20 0.00 0.9999999999999384
2.20 0.01 0.9998019419982384
2.20 0.02 0.9988908878432932
2.20 0.03 0.9963949281949916
2.20 0.04 0.9910788450279886
2.20 0.05 0.9815511832858201
2.20 0.06 0.966413423463164
2.20 0.07 0.9443575519459275
2.20 0.08 0.9142919901145482
2.20 0.09 0.8755852725119968
2.20 0.10 0.8284158470063483
2.20 0.11 0.7740280683460397
2.20 0.12 0.7145865070040618
2.20 0.13 0.6525248280536183
2.20 0.14 0.5896588783053927
2.20 0.15 0.5263586557930944
2.20 0.16 0.4604641202488381
2.20 0.17 0.3844567929786618
2.20 0.18 0.28187998322469826
2.20 0.19 0.16234586049723565
2.20 0.20 0.08944464470394915
2.20 0.21 0.05814402365972836
2.20 0.22 0.042946248514990994
2.20 0.23 0.0339733874836125
2.20 0.24 0.027912739824846003
2.20 0.25 0.02348260723031951
2.20 0.26 0.020094434477493685
2.20 0.27 0.017433030072613036
2.20 0.28 0.01530709330332835
2.20 0.29 0.013589068035073742
2.20 0.30 0.012188144492374455
2.20 0.31 0.011036848417355454
2.20 0.32 0.010083642795513771
2.20 0.33 0.00928848561974558
2.20 0.34 0.008619927335878106
2.20 0.35 0.008053078797814904
2.20 0.36 0.007568127174848738
2.20 0.37 0.007149217887323528
2.20 0.38 0.00678359290079622
2.20 0.39 0.006460912928610588
2.20 0.40 0.006172745206123738
2.20 0.41 0.005912150169140593
2.20 0.42 0.005673362711516621
2.20 0.43 0.005451545909695586
2.20 0.44 0.005242599133027208
2.20 0.45 0.005043024469002138
2.20 0.46 0.004849791022712886
2.20 0.47 0.004660277834681087
2.20 0.48 0.004472200602029949
2.20 0.49 0.004283570565669645
2.20 0.50 0.004092663106888663
2.25 0.00 0.9999999999999327
2.25 0.01 0.9998055593332232
2.25 0.02 0.9988857971770702
2.25 0.03 0.9963154475823808
2.25 0.04 0.9907850446505738
2.25 0.05 0.9808223469967335
2.25 0.06 0.9649531131629137
2.25 0.07 0.941810136743834
2.25 0.08 0.9102779338442427
2.25 0.09 0.8697649127646205
2.25 0.10 0.8205765998867858
2.25 0.11 0.7641493908982568
2.25 0.12 0.7028132219966051
2.25 0.13 0.6390148672678446
2.25 0.14 0.5743228929679804
2.25 0.15 0.5084326517147901
2.25 0.16 0.43752372496078484
2.25 0.17 0.35034256838742683
2.25 0.18 0.23285056422322242
2.25 0.19 0.12587908851393415
2.25 0.20 0.0731830558024915
2.25 0.21 0.050079034176739985
2.25 0.22 0.03795343628029709
2.25 0.23 0.03039674129237444
2.25 0.24 0.025139163140834076
2.25 0.25 0.021237065949249352
2.25 0.26 0.018229095425854595
2.25 0.27 0.015855886263903017
2.25 0.28 0.013954600522118877
2.25 0.29 0.01241435533466924
2.25 0.30 0.011155288377123339
2.25 0.31 0.010117736051776597
2.25 0.32 0.009256025559429356
2.25 0.33 0.008534663893100779
2.25 0.34 0.007925786055167194
2.25 0.35 0.007407356415259619
2.25 0.36 0.006961846681669034
2.25 0.37 0.006575240873579767
2.25 0.38 0.006236267721839883
2.25 0.39 0.005935800431562716
2.25 0.40 0.00566640121865781
2.25 0.41 0.005421955181632828
2.25 0.42 0.00519738578232288
2.25 0.43 0.004988438270497265
2.25 0.44 0.00479150840541058
2.25 0.45 0.004603512308429153
2.25 0.46 0.004421787701008083
2.25 0.47 0.004244018588936138
2.25 0.48 0.004068181039534546
2.25 0.49 0.0038925024499927114
2.25 0.50 0.0037154334824780182
2.30 0.00 0.9999999999999551
2.30 0.01 0.9998087258708912
2.30 0.02 0.9988773185494741
2.30 0.03 0.9962231631274632
2.30 0.04 0.9904577945579807
2.30 0.05 0.9800238723968113
2.30 0.06 0.9633683106406538
2.30 0.07 0.9390629675641871
2.30 0.08 0.9059700216034955
2.30 0.09 0.8635463075616565
2.30 0.10 0.8122394503585558
2.30 0.11 0.7536887201487703
2.30 0.12 0.690375569515044
2.30 0.13 0.6247022951614231
2.30 0.14 0.5578615384270176
2.30 0.15 0.48857073186762245
2.30 0.16 0.4106254427350114
2.30 0.17 0.3092427357667347
2.30 0.18 0.18528003280309505
2.30 0.19 0.09960640256088917
2.30 0.20 0.06157791229743734
2.30 0.21 0.043849931835507075
2.30 0.22 0.033878074082898696
2.30 0.23 0.02739115046870476
2.30 0.24 0.022772795502270737
2.30 0.25 0.019304057024819167
2.30 0.26 0.016613214953403274
2.30 0.27 0.014482411509605567
2.30 0.28 0.012770974086299496
2.30 0.29 0.01138146425725248
2.30 0.30 0.010243056649020737
2.30 0.31 0.009302600639246416
2.30 0.32 0.008519341684769432
2.30 0.33 0.007861599607914816
2.30 0.34 0.007304510730098678
2.30 0.35 0.006828422277529425
2.30 0.36 0.006417709122702298
2.30 0.37 0.006059885249254601
2.30 0.38 0.005744911820579769
2.30 0.39 0.005464667202129231
2.30 0.40 0.005212536758856045
2.30 0.41 0.004983086493910357
2.30 0.42 0.004771810502246284
2.30 0.43 0.0045749353864947325
2.30 0.44 0.004389267010571577
2.30 0.45 0.004212073404495281
2.30 0.46 0.004040995022592895
2.30 0.47 0.003873977390049716
2.30 0.48 0.003709219768648209
2.30 0.49 0.0035451384938377647
2.30 0.50 0.0033803408886972875
2.35 0.00 0.9999999999991724
2.35 0.01 0.9998114707865262
2.35 0.02 0.9988655245473077
2.35 0.03 0.9961180450782441
2.35 0.04 0.9900966258037578
2.35 0.05 0.979154557866247
2.35 0.06 0.9616563298998477
2.35 0.07 0.9361110258857064
2.35 0.08 0.9013604633766154
2.35 0.09 0.8569193358621154
2.35 0.10 0.8033931467572732
2.35 0.11 0.7426319989678531
2.35 0.12 0.6772447872580385
2.35 0.13 0.60951137436564
2.35 0.14 0.5400711782777025
2.35 0.15 0.46624090355757075
2.35 0.16 0.37868837566178615
2.35 0.17 0.26264090105617727
2.35 0.18 0.14545652593182826
2.35 0.19 0.08111814955036475
2.35 0.20 0.05297943773390103
2.35 0.21 0.03888418011256509
2.35 0.22 0.030483291301680975
2.35 0.23 0.024830475198024116
2.35 0.24 0.020732734892802685
2.35 0.25 0.017625701996298777
2.35 0.26 0.015202935647904692
2.35 0.27 0.013278371570857221
2.35 0.28 0.011729044221998117
2.35 0.29 0.010468583076319595
2.35 0.30 0.009433745223512383
2.35 0.31 0.00857688949905425
2.35 0.32 0.00786143664331438
2.35 0.33 0.007258942217704142
2.35 0.34 0.006747084913567838
2.35 0.35 0.006308225059862465
2.35 0.36 0.005928344090458508
2.35 0.37 0.0055962396406875415
2.35 0.38 0.00530291031085484
2.35 0.39 0.005041075341047977
2.35 0.40 0.004804808653229688
2.35 0.41 0.004589245045491135
2.35 0.42 0.004390354878997214
2.35 0.43 0.004204766521521148
2.35 0.44 0.0040296278983172305
2.35 0.45 0.0038625029782246864
2.35 0.46 0.003701286875645129
2.35 0.47 0.003544148027191279
2.35 0.48 0.0033894756278371966
2.35 0.49 0.0032358510487708117
2.35 0.50 0.0030820206384430896
2.40 0.00 0.9999999999999096
2.40 0.01 0.99981381021058
2.40 0.02 0.9988504152259431
2.40 0.03 0.9959999516348509
2.40 0.04 0.9897010264831003
2.40 0.05 0.9782128649158706
2.40 0.06 0.9598139651707261
2.40 0.07 0.932948548738481
2.40 0.08 0.8964402765327703
2.40 0.09 0.849872327898396
2.40 0.10 0.7940243321742294
2.40 0.11 0.7309608539900606
2.40 0.12 0.6633817002341877
2.40 0.13 0.5933380984917622
2.40 0.14 0.5206746112560001
2.40 0.15 0.44075608042624514
2.40 0.16 0.3409525988169271
2.40 0.17 0.21514160507091287
2.40 0.18 0.11533947598994256
2.40 0.19 0.06789861170326371
2.40 0.20 0.046367996200282736
2.40 0.21 0.034821440061621994
2.40 0.22 0.0276084481540396
2.40 0.23 0.022623744903115486
2.40 0.24 0.018958224364943543
2.40 0.25 0.01615742873049669
2.40 0.26 0.013963904658135929
2.40 0.27 0.012216593836277427
2.40 0.28 0.010806980501520104
2.40 0.29 0.009657975004461996
2.40 0.30 0.008712778538649261
2.40 0.31 0.00792847008680327
2.40 0.32 0.0072720541283944045
2.40 0.33 0.006717861094480556
2.40 0.34 0.006245745801423652
2.40 0.35 0.005839789091136546
2.40 0.36 0.005487339450648568
2.40 0.37 0.005178288878700049
2.40 0.38 0.004904514379608428
2.40 0.39 0.004659447523626331
2.40 0.40 0.004437743663610538
2.40 0.41 0.004235017721328345
2.40 0.42 0.004047640449331637
2.40 0.43 0.003872578052171471
2.40 0.44 0.003707268026257566
2.40 0.45 0.003549521945351722
2.40 0.46 0.0033974525088096078
2.40 0.47 0.003249414431583217
2.40 0.48 0.0031039634098627236
2.40 0.49 0.0029598222947375187
2.40 0.50 0.0028158599996029217
2.45 0.00 0.9999999999999432
2.45 0.01 0.9998157696489351
2.45 0.02 0.9988320232646642
2.45 0.03 0.9958687372430257
2.45 0.04 0.989270269112658
2.45 0.05 0.9771970632811185
2.45 0.06 0.9578376355813676
2.45 0.07 0.9295689932551574
2.45 0.08 0.8911993424147947
2.45 0.09 0.8423922206949612
2.45 0.10 0.7841176169017732
2.45 0.11 0.7186523302595631
2.45 0.12 0.6487336852834524
2.45 0.13 0.5760424193646714
2.45 0.14 0.4993034371434056
2.45 0.15 0.41132518285356956
2.45 0.16 0.297881724848646
2.45 0.17 0.17245070315105832
2.45 0.18 0.09352795321326703
2.45 0.19 0.05814257794695519
2.45 0.20 0.041117321092600106
2.45 0.21 0.03142738570417291
2.45 0.22 0.0251411313836759
2.45 0.23 0.02070373522332274
2.45 0.24 0.017402798670635364
2.45 0.25 0.014864413816377113
2.45 0.26 0.01286888393426884
2.45 0.27 0.011275269097394264
2.45 0.28 0.009987071739359147
2.45 0.29 0.008935089202473708
2.45 0.30 0.008068065779945193
2.45 0.31 0.00734716613160438
2.45 0.32 0.006742499314536642
2.45 0.33 0.006230798015693918
2.45 0.34 0.005793797316264466
2.45 0.35 0.00541706177776769
2.45 0.36 0.005089116780420462
2.45 0.37 0.004800793446009386
2.45 0.38 0.00454472118085118
2.45 0.39 0.004314941263521038
2.45 0.40 0.0041066045951564205
2.45 0.41 0.0039157348895228015
2.45 0.42 0.003739042866283873
2.45 0.43 0.0035737811613142795
2.45 0.44 0.0034176326022502365
2.45 0.45 0.00326861993231092
2.45 0.46 0.0031250387068978824
2.45 0.47 0.002985405541333527
2.45 0.48 0.0028484162994882505
2.45 0.49 0.002712918004482999
2.45 0.50 0.002577886808685879
2.50 0.00 0.9999999999998661
2.50 0.01 0.9998173608646383
2.50 0.02 0.9988103327294484
2.50 0.03 0.9957241661692133
2.50 0.04 0.9888035547785703
2.50 0.05 0.9761051919414918
2.50 0.06 0.9557232736995618
2.50 0.07 0.9259650607453886
2.50 0.08 0.8856264644216412
2.50 0.09 0.8344646275556571
2.50 0.10 0.7736555153557207
2.50 0.11 0.7056777574338724
2.50 0.12 0.6332315286730054
2.50 0.13 0.5574387888176802
2.50 0.14 0.47548749029322535
2.50 0.15 0.37725617453011473
2.50 0.16 0.25206573640954466
2.50 0.17 0.13793880066275438
2.50 0.18 0.07775044417057456
2.50 0.19 0.050690912488034715
2.50 0.20 0.03683430091780989
2.50 0.21 0.028544178966576315
2.50 0.22 0.023000302735719257
2.50 0.23 0.019019640158858625
2.50 0.24 0.016030312840033287
2.50 0.25 0.01371907279057088
2.50 0.26 0.011896021866774555
2.50 0.27 0.010436719312249614
2.50 0.28 0.00925481558996834
2.50 0.29 0.008287891684819436
2.50 0.30 0.007489507362862633
2.50 0.31 0.006824392767602697
2.50 0.32 0.006265368184120196
2.50 0.33 0.00579126240326896
2.50 0.34 0.005385449556771901
2.50 0.35 0.0050347842520189435
2.50 0.36 0.004728813646899047
2.50 0.37 0.004459181877545052
2.50 0.38 0.004219169484692781
2.50 0.39 0.004003343079745543
2.50 0.40 0.003807280503793732
2.50 0.41 0.0036273560768959774
2.50 0.42 0.003460571957929525
2.50 0.43 0.003304426422533246
2.50 0.44 0.0031568094917021937
2.50 0.45 0.003015927411500534
2.50 0.46 0.0028802299026177277
2.50 0.47 0.002748372210459035
2.50 0.48 0.002619171804011354
2.50 0.49 0.0024915828208536784
2.50 0.50 0.0023646748174756317
2.55 0.00 0.999999999999919
2.55 0.01 0.9998185956406954
2.55 0.02 0.9987853184856648
2.55 0.03 0.9955659654175755
2.55 0.04 0.9882999740904364
2.55 0.05 0.9749350392132352
2.55 0.06 0.9534663783787627
2.55 0.07 0.922128721896185
2.55 0.08 0.8797095215781497
2.55 0.09 0.8260739492408833
2.55 0.10 0.7626182941442856
2.55 0.11 0.6920015072543384
2.55 0.12 0.6167849688132954
2.55 0.13 0.5372855068298088
2.55 0.14 0.44867056287114915
2.55 0.15 0.33841295343014105
2.55 0.16 0.20783151355976306
2.55 0.17 0.11175174021849105
2.55 0.18 0.06610242251321272
2.55 0.19 0.04481697295516393
2.55 0.20 0.03326417844818946
2.55 0.21 0.026061826149411747
2.55 0.22 0.021125921161544416
2.55 0.23 0.017532271114492598
2.55 0.24 0.014812203090259657
2.55 0.25 0.012699275782136681
2.55 0.26 0.011027591517112464
2.55 0.27 0.009686468288955936
2.55 0.28 0.008598232596013647
2.55 0.29 0.0077063552505218244
2.55 0.30 0.00696861256265138
2.55 0.31 0.006352869015124972
2.55 0.32 0.005834328800887941
2.55 0.33 0.005393663470413542
2.55 0.34 0.005015685174356241
2.55 0.35 0.0046883791441137135
2.55 0.36 0.0044021862470927904
2.55 0.37 0.004149460392742067
2.55 0.38 0.0039240499389029005
2.55 0.39 0.0037209781692001814
2.55 0.40 0.003536193830789518
2.55 0.41 0.003366374505688138
2.55 0.42 0.003208774080356617
2.55 0.43 0.003061101979398353
2.55 0.44 0.0029214292006434816
2.55 0.45 0.0027881136463761584
2.55 0.46 0.00265974300347063
2.55 0.47 0.0025350897413383565
2.55 0.48 0.002413076565021115
2.55 0.49 0.0022927504590223293
2.55 0.50 0.0021732629520243227
2.60 0.00 0.9999999999998705
2.60 0.01 0.9998194827530981
2.60 0.02 0.9987569407200809
2.60 0.03 0.9953938250614276
2.60 0.04 0.9877585130402997
2.60 0.05 0.9736841752771515
2.60 0.06 0.9510620766668438
2.60 0.07 0.9180512016274479
2.60 0.08 0.8734352696325294
2.60 0.09 0.8172035061166107
2.60 0.10 0.750983628107085
2.60 0.11 0.677579220245375
2.60 0.12 0.5992774149088083
2.60 0.13 0.5152765239177926
2.60 0.14 0.4182887522159405
2.60 0.15 0.2958546835342668
2.60 0.16 0.16915444660046144
2.60 0.17 0.09232751868234276
2.60 0.18 0.057257375224571784
2.60 0.19 0.04005988898414457
2.60 0.20 0.030236070862650843
2.60 0.21 0.023901193674235644
2.60 0.22 0.019472401231137665
2.60 0.23 0.016210842332789015
2.60 0.24 0.013725573346983825
2.60 0.25 0.011787056084174356
2.60 0.26 0.010249066785022356
2.60 0.27 0.009012557214228735
2.60 0.28 0.008007348526508279
2.60 0.29 0.0071820645106414486
2.60 0.30 0.006498199079532025
2.60 0.31 0.005926387568598493
2.60 0.32 0.005443944128891386
2.60 0.33 0.005033169123499797
2.60 0.34 0.004680144911848378
2.60 0.35 0.0043738540692358704
2.60 0.36 0.004105524089274075
2.60 0.37 0.0038681334949959246
2.60 0.38 0.003656029457448231
2.60 0.39 0.0034646351535949464
2.60 0.40 0.003290223518535699
2.60 0.41 0.003129737045739196
2.60 0.42 0.002980648626804132
2.60 0.43 0.0028408511243714113
2.60 0.44 0.00270857111828481
2.60 0.45 0.0025823003397459224
2.60 0.46 0.0024607431457882335
2.60 0.47 0.0023427743287842266
2.60 0.48 0.0022274077244490344
2.60 0.49 0.002113770702647623
2.60 0.50 0.002001086798595242
2.65 0.00 0.9999999999999211
2.65 0.01 0.9998200285992725
2.65 0.02 0.9987251459905534
2.65 0.03 0.9952073815393372
2.65 0.04 0.9871780839856173
2.65 0.05 0.9723500684432527
2.65 0.06 0.9485050327020251
2.65 0.07 0.9137231383060592
2.65 0.08 0.8667897101201995
2.65 0.09 0.8078354271062556
2.65 0.10 0.738726072084373
2.65 0.11 0.6623555276866345
2.65 0.12 0.5805597908638874
2.65 0.13 0.49104209472800187
2.65 0.14 0.38396591348779785
2.65 0.15 0.25215742058003177
2.65 0.16 0.13784287306082893
2.65 0.17 0.07785892937451239
2.65 0.18 0.05034532778250579
2.65 0.19 0.03612001294732814
2.65 0.20 0.027631447983853467
2.65 0.21 0.022003709749032443
2.65 0.22 0.018004377517148857
2.65 0.23 0.015030774511087162
2.65 0.24 0.012751833953226637
2.65 0.25 0.010967668458349998
2.65 0.26 0.009548433163894525
2.65 0.27 0.008405021920988697
2.65 0.28 0.007473797408783053
2.65 0.29 0.006707910648284245
2.65 0.30 0.006072157268435415
2.65 0.31 0.005539632698653538
2.65 0.32 0.005089527696577112
2.65 0.33 0.004705590856711402
2.65 0.34 0.00437503237649578
2.65 0.35 0.0040877195494702515
2.65 0.36 0.0038355774737593375
2.65 0.37 0.003612136909306164
2.65 0.38 0.0034121856448756016
2.65 0.39 0.0032315007273732536
2.65 0.40 0.003066639848461395
2.65 0.41 0.0029147785773354883
2.65 0.42 0.002773581742559033
2.65 0.43 0.0026411026604619193
2.65 0.44 0.0025157034385130794
2.65 0.45 0.002395992502424213
2.65 0.46 0.002280775390838213
2.65 0.47 0.0021690159730610903
2.65 0.48 0.0020598070021632035
2.65 0.49 0.0019523464924431182
2.65 0.50 0.0018459206104949144
2.70 0.00 0.9999999999998892
2.70 0.01 0.9998202374114491
2.70 0.02 0.9986898733035423
2.70 0.03 0.9950062603297561
2.70 0.04 0.9865574823769987
2.70 0.05 0.9709298967354543
2.70 0.06 0.9457895159641528
2.70 0.07 0.9091342286440273
2.70 0.08 0.8597580370754108
2.70 0.09 0.7979506630329718
2.70 0.10 0.7258162543532044
2.70 0.11 0.6462612948065287
2.70 0.12 0.5604448446882762
2.70 0.13 0.4641714947555716
2.70 0.14 0.3458543575168166
2.70 0.15 0.2107452341758126
2.70 0.16 0.11360052196244935
2.70 0.17 0.06688647739958636
2.70 0.18 0.04480036564660157
2.70 0.19 0.032796582841401134
2.70 0.20 0.025365469381205836
2.70 0.21 0.020324907644669578
2.70 0.22 0.016693889689113763
2.70 0.23 0.013972159506361846
2.70 0.24 0.011875715920282453
2.70 0.25 0.01022889590165825
2.70 0.26 0.00891566402915555
2.70 0.27 0.007855511400436594
2.70 0.28 0.0069905118205403505
2.70 0.29 0.006277853841829672
2.70 0.30 0.005685261954472999
2.70 0.31 0.005188030183399627
2.70 0.32 0.004767024472360036
2.70 0.33 0.0044072865959130045
2.70 0.34 0.00409703305166271
2.70 0.35 0.003826920125527796
2.70 0.36 0.0035894944389969347
2.70 0.37 0.0033787786026402804
2.70 0.38 0.003189952028930268
2.70 0.39 0.0030191052888745074
2.70 0.40 0.0028630496471800625
2.70 0.41 0.0027191662045595935
2.70 0.42 0.0025852894301226087
2.70 0.43 0.0024596137684506454
2.70 0.44 0.0023406204691210353
2.70 0.45 0.002227020084606536
2.70 0.46 0.0021177064435247066
2.70 0.47 0.002011721423444463
2.70 0.48 0.0019082266553893446
2.70 0.49 0.0018064818537225906
2.70 0.50 0.0017058282706854512
2.75 0.00 0.999999999999913
2.75 0.01 0.9998201116981577
2.75 0.02 0.9986510459049942
2.75 0.03 0.9947900394883393
2.75 0.04 0.9858954689208106
2.75 0.05 0.9694206656973212
2.75 0.06 0.9429093645145339
2.75 0.07 0.9042737091136321
2.75 0.08 0.852324575050926
2.75 0.09 0.7875288920901709
2.75 0.10 0.7122199050704593
2.75 0.11 0.6292102309613854
2.75 0.12 0.5387036851598952
2.75 0.13 0.43427997047723044
2.75 0.14 0.30501628463558267
2.75 0.15 0.1744441042214905
2.75 0.16 0.09512947801058452
2.75 0.17 0.05837111154138691
2.75 0.18 0.04025013859885742
2.75 0.19 0.029950902732016484
2.75 0.20 0.023375647481176143
2.75 0.21 0.018830266265561675
2.75 0.22 0.015518463316023712
2.75 0.23 0.013018669515837774
2.75 0.24 0.011084549892208605
2.75 0.25 0.009560524315481924
2.75 0.26 0.00834233227576785
2.75 0.27 0.007356944800335082
2.75 0.28 0.006551488174126011
2.75 0.29 0.005886731869997101
2.75 0.30 0.005333024730659748
2.75 0.31 0.004867629662481155
2.75 0.32 0.004472914287340716
2.75 0.33 0.004135080506780339
2.75 0.34 0.0038432462142161915
2.75 0.35 0.0035887742103660972
2.75 0.36 0.0033647678379627967
2.75 0.37 0.0031656898075892266
2.75 0.38 0.002987069170038258
2.75 0.39 0.0028252769751083585
2.75 0.40 0.002677350023700338
2.75 0.41 0.0025408530031879742
2.75 0.42 0.0024137707091150505
2.75 0.43 0.002294422736583112
2.75 0.44 0.0021813956418942795
2.75 0.45 0.00207348983186543
2.75 0.46 0.001969677088202908
2.75 0.47 0.0018690674823413026
2.75 0.48 0.0017708831851679895
2.75 0.49 0.0016744380155983979
2.75 0.50 0.001579121756436975
2.80 0.00 0.9999999999995037
2.80 0.01 0.9998196523250338
2.80 0.02 0.9986085816634713
2.80 0.03 0.9945582740856966
2.80 0.04 0.9851906979546252
2.80 0.05 0.9678191952421005
2.80 0.06 0.9398579951797641
2.80 0.07 0.8991301707922252
2.80 0.08 0.8444729102114839
2.80 0.09 0.7765482591391566
2.80 0.10 0.6978965896142915
2.80 0.11 0.6110956262495736
2.80 0.12 0.5150684659814866
2.80 0.13 0.40114743931951247
2.80 0.14 0.26352811006987753
2.80 0.15 0.14449657061203258
2.80 0.16 0.08101114965198233
2.80 0.17 0.05160529179240534
2.80 0.18 0.036444043901334065
2.80 0.19 0.027484296563410955
2.80 0.20 0.021614768755637923
2.80 0.21 0.017492459679605506
2.80 0.22 0.014459771517439013
2.80 0.23 0.012156761807426567
2.80 0.24 0.010367726302019004
2.80 0.25 0.008953945732673973
2.80 0.26 0.00782129918649833
2.80 0.27 0.006903311413967922
2.80 0.28 0.00615159198221146
2.80 0.29 0.005530110910635974
2.80 0.30 0.005011570982698229
2.80 0.31 0.004575004732386022
2.80 0.32 0.0042041314642742265
2.80 0.33 0.0038861952046818885
2.80 0.34 0.0036111269967990163
2.80 0.35 0.003370923531023097
2.80 0.36 0.003159189082375544
2.80 0.37 0.002970781594035762
2.80 0.38 0.0028015447130206404
2.80 0.39 0.0026481008601904757
2.80 0.40 0.002507689117453308
2.80 0.41 0.0023780382521085015
2.80 0.42 0.0022572678424257666
2.80 0.43 0.002143808812309551
2.80 0.44 0.002036341370755441
2.80 0.45 0.0019337456338530219
2.80 0.46 0.0018350622953164364
2.80 0.47 0.0017394616604369203
2.80 0.48 0.0016462192060725323
2.80 0.49 0.0015546964744364983
2.80 0.50 0.001464326034143324
2.85 0.00 0.9999999999998513
2.85 0.01 0.9998188588081393
2.85 0.02 0.9985623897336168
2.85 0.03 0.99431049059847
2.85 0.04 0.9844417553663584
2.85 0.05 0.9661221141012414
2.85 0.06 0.9366283894641005
2.85 0.07 0.8936914998797231
2.85 0.08 0.8361859966675973
2.85 0.09 0.7649850838026626
2.85 0.10 0.6827980662930384
2.85 0.11 0.5917868431746166
2.85 0.12 0.48924924230915023
2.85 0.13 0.36493337730321246
2.85 0.14 0.22399071790730424
2.85 0.15 0.1206907300597593
2.85 0.16 0.07007163781504207
2.85 0.17 0.046110942608543815
2.85 0.18 0.03320915852947427
2.85 0.19 0.02532460724832815
2.85 0.20 0.020046350023878216
2.85 0.21 0.01628948780627413
2.85 0.22 0.01350268163970532
2.85 0.23 0.011375093426990873
2.85 0.24 0.009716286547725782
2.85 0.25 0.008401855286682457
2.85 0.26 0.007346479762554166
2.85 0.27 0.006489464062744374
2.85 0.28 0.00578641245225372
2.85 0.29 0.005204164737459879
2.85 0.30 0.004717542162735148
2.85 0.31 0.004307173496170696
2.85 0.32 0.003957996489084549
2.85 0.33 0.003658197372773101
2.85 0.34 0.0033984379590235527
2.85 0.35 0.0031712900887216245
2.85 0.36 0.0029708089162324295
2.85 0.37 0.0027922092940904195
2.85 0.38 0.0026316185917859775
2.85 0.39 0.0024858857684250295
2.85 0.40 0.0023524322361770248
2.85 0.41 0.0022291345711828664
2.85 0.42 0.0021142330803694777
2.85 0.43 0.0020062575921194798
2.85 0.44 0.0019039755590706863
2.85 0.45 0.0018063346372984134
2.85 0.46 0.001712437949609209
2.85 0.47 0.0016215092830689473
2.85 0.48 0.0015328712929009
2.85 0.49 0.001445927838259871
2.85 0.50 0.0013601495016576236
2.90 0.00 0.9999999999988836
2.90 0.01 0.9998177279285374
2.90 0.02 0.998512366892218
2.90 0.03 0.9940461927518088
2.90 0.04 0.9836471598447865
2.90 0.05 0.9643258433320145
2.90 0.06 0.9332131806915869
2.90 0.07 0.8879449977768289
2.90 0.08 0.8274459919593637
2.90 0.09 0.7528134237994465
2.90 0.10 0.666866634491461
2.90 0.11 0.5711274741960005
2.90 0.12 0.46097470838679033
2.90 0.13 0.3264067464043563
2.90 0.14 0.18862098889246817
2.90 0.15 0.1020639832192887
2.90 0.16 0.06144051358618213
2.90 0.17 0.04156203725562425
2.90 0.18 0.030423009546616534
2.90 0.19 0.02341773468359807
2.90 0.20 0.018641625409217634
2.90 0.21 0.015203375406575764
2.90 0.22 0.012634561667644104
2.90 0.23 0.010664083068314928
2.90 0.24 0.009122611462586682
2.90 0.25 0.007898011081877106
2.90 0.26 0.0069126562926988865
2.90 0.27 0.006110973087931425
2.90 0.28 0.005452139224071494
2.90 0.29 0.0049055760571366045
2.90 0.30 0.004448016710944404
2.90 0.31 0.004061531770557683
2.90 0.32 0.0037321617320228155
2.90 0.33 0.0034489451915697853
2.90 0.34 0.0032032071604578953
2.90 0.35 0.002988038763385527
2.90 0.36 0.0027979037796581245
2.90 0.37 0.002628340345021997
2.90 0.38 0.002475732835904868
2.90 0.39 0.0023371351907448563
2.90 0.40 0.002210133923216459
2.90 0.41 0.002092739185519333
2.90 0.42 0.0019833003875983544
2.90 0.43 0.001880438671619786
2.90 0.44 0.001782993168556847
2.90 0.45 0.0016899788862392573
2.90 0.46 0.0016005525375624356
2.90 0.47 0.0015139855644829405
2.90 0.48 0.0014296428707787248
2.90 0.49 0.0013469655826784965
2.90 0.50 0.0012654582127555529
2.95 0.00 0.999999999998876
2.95 0.01 0.9998162601297136
2.95 0.02 0.9984584163760722
2.95 0.03 0.9937648587868892
2.95 0.04 0.9828053727157555
2.95 0.05 0.9624266553943479
2.95 0.06 0.9296045450298747
2.95 0.07 0.8818773856107811
2.95 0.08 0.8182343033320556
2.95 0.09 0.7400044901635764
2.95 0.10 0.6500330108451898
2.95 0.11 0.548936923694522
2.95 0.12 0.4300714844334983
2.95 0.13 0.2870295768142965
2.95 0.14 0.15858305817069496
2.95 0.15 0.08749786042154645
2.95 0.16 0.05449921600495495
2.95 0.17 0.03773248784688778
2.95 0.18 0.027996656381906463
2.95 0.19 0.021722204469118673
2.95 0.20 0.017377515343572944
2.95 0.21 0.01421925037102475
2.95 0.22 0.011844765487468158
2.95 0.23 0.010015574261806746
2.95 0.24 0.008580177331674226
2.95 0.25 0.007437049855396035
2.95 0.26 0.006515330790662099
2.95 0.27 0.005764008646094188
2.95 0.28 0.005145468177914008
2.95 0.29 0.004631458996837696
2.95 0.30 0.00420044276713249
2.95 0.31 0.00383579753798476
2.95 0.32 0.0035245639361935026
2.95 0.33 0.0032565533421948798
2.95 0.34 0.0030236932371922416
2.95 0.35 0.0028195459926742814
2.95 0.36 0.0026389467947329722
2.95 0.37 0.0024777274320256374
2.95 0.38 0.0023325067317244317
2.95 0.39 0.002200522349619146
2.95 0.40 0.0020795132903442745
2.95 0.41 0.001967610185284098
2.95 0.42 0.00186326143230212
2.95 0.43 0.001765169755454018
2.95 0.44 0.001672242348507984
2.95 0.45 0.0015835516778217068
2.95 0.46 0.0014983037038534318
2.95 0.47 0.0014158126593484047
2.95 0.48 0.0013354810336873764
2.95 0.49 0.0012567836285920435
2.95 0.50 0.0011792548825196793
3.00 0.00 0.9999999999988081
3.00 0.01 0.999814449835789
3.00 0.02 0.9984004233399126
3.00 0.03 0.9934659432539426
3.00 0.04 0.9819147223227123
3.00 0.05 0.9604203960288642
3.00 0.06 0.9257942254872906
3.00 0.07 0.8754748230878088
3.00 0.08 0.8085315937009481
3.00 0.09 0.7265259478681935
3.00 0.10 0.6322146369298178
3.00 0.11 0.5250175273836151
3.00 0.12 0.3965849932445561
3.00 0.13 0.2487207815299251
3.00 0.14 0.13396059923365836
3.00 0.15 0.07600784920883726
3.00 0.16 0.048813939545278726
3.00 0.17 0.03446232279904858
3.00 0.18 0.025863973248544517
3.00 0.19 0.020205562243859207
3.00 0.20 0.0162352190741418
3.00 0.21 0.013324665916036144
3.00 0.22 0.011124247636591792
3.00 0.23 0.009422576258246856
3.00 0.24 0.008083366704626472
3.00 0.25 0.007014336074563483
3.00 0.26 0.006150607328658384
3.00 0.27 0.005445243620346797
3.00 0.28 0.004863520318970376
3.00 0.29 0.004379291135738812
3.00 0.30 0.003972584751689042
3.00 0.31 0.003627966033704559
3.00 0.32 0.003333385042526399
3.00 0.33 0.003079355958272234
3.00 0.34 0.002858354560352188
3.00 0.35 0.002664372505441916
3.00 0.36 0.0024925828408006497
3.00 0.37 0.0023390851947390576
3.00 0.38 0.0022007102480670706
3.00 0.39 0.0020748686201366843
3.00 0.40 0.0019594330344593425
3.00 0.41 0.0018526457190465393
3.00 0.42 0.0017530451283542501
3.00 0.43 0.001659408267064926
3.00 0.44 0.0015707041273228988
3.00 0.45 0.0014860572483863166
3.00 0.46 0.0014047180768411544
3.00 0.47 0.0013260394209595417
3.00 0.48 0.0012494576086393466
3.00 0.49 0.0011744775578345574
3.00 0.50 0.0011006606232199358
3.05 0.00 0.9999999999988409
3.05 0.01 0.9998122926558357
3.05 0.02 0.9983382710762843
3.05 0.03 0.9931488822804457
3.05 0.04 0.9809735303443001
3.05 0.05 0.9583030660557572
3.05 0.06 0.921773503376497
3.05 0.07 0.8687229026682292
3.05 0.08 0.7983175207932913
3.05 0.09 0.7123410761841631
3.05 0.10 0.6133140377081426
3.05 0.11 0.4991738896757772
3.05 0.12 0.36092099945265876
3.05 0.13 0.2133300395326979
3.05 0.14 0.11415651177798083
3.05 0.15 0.06682297903622847
3.05 0.16 0.04407912137219751
3.05 0.17 0.03163589250973446
3.05 0.18 0.023974719552679172
3.05 0.19 0.018841959503783208
3.05 0.20 0.015199217084041334
3.05 0.21 0.012509111161915235
3.05 0.22 0.010465262978342785
3.05 0.23 0.008879061110251158
3.05 0.24 0.007627316404182615
3.05 0.25 0.006625846828815758
3.05 0.26 0.00581509294389696
3.05 0.27 0.0051517760161431635
3.05 0.28 0.0046037784528313724
3.05 0.29 0.004146861339373559
3.05 0.30 0.003762477058348287
3.05 0.31 0.0034362700884086176
3.05 0.32 0.0031570189925442266
3.05 0.33 0.00291587847239181
3.05 0.34 0.0027058242832913495
3.05 0.35 0.0025212399014644523
3.05 0.36 0.002357607104848638
3.05 0.37 0.0022112700872802538
3.05 0.38 0.002079254165753323
3.05 0.39 0.0019591254696970273
3.05 0.40 0.0018488817447341451
3.05 0.41 0.001746866323469725
3.05 0.42 0.001651700094748371
3.05 0.43 0.0015622279380527841
3.05 0.44 0.0014774751198340038
3.05 0.45 0.0013966136136078565
3.05 0.46 0.0013189342562480266
3.05 0.47 0.0012438247962171544
3.05 0.48 0.0011707521314653874
3.05 0.49 0.0010992483112539175
3.05 0.50 0.0010288989647490782
3.10 0.00 0.9999999999989396
3.10 0.01 0.9998097834781343
3.10 0.02 0.9982718371821969
3.10 0.03 0.9928130897036885
3.10 0.04 0.9799800268157202
3.10 0.05 0.9560702064755366
3.10 0.06 0.9175333555865763
3.10 0.07 0.8616068048520462
3.10 0.08 0.7875706930257709
3.10 0.09 0.6974077721251786
3.10 0.10 0.5932187002320337
3.10 0.11 0.47124850543396435
3.10 0.12 0.323942721686748
3.10 0.13 0.18212343924908958
3.10 0.14 0.0983215871664753
3.10 0.15 0.05936882906238209
3.10 0.16 0.04007710081203021
3.10 0.17 0.029167803111091784
3.10 0.18 0.022289961113847637
3.10 0.19 0.017610503083470216
3.10 0.20 0.014256549845757069
3.10 0.21 0.011763630533919742
3.10 0.22 0.009861139611323443
3.10 0.23 0.008379804000657127
3.10 0.24 0.007207794204723305
3.10 0.25 0.006268071577480151
3.10 0.26 0.005505823996413889
3.10 0.27 0.0048810642028913115
3.10 0.28 0.0043640331580598254
3.10 0.29 0.003932224606979573
3.10 0.30 0.0035683867890199555
3.10 0.31 0.0032591482463694135
3.10 0.32 0.0029940433661074955
3.10 0.33 0.0027648123129057987
3.10 0.34 0.0025648874251488307
3.10 0.35 0.0023890106761410056
3.10 0.36 0.0022329465380017234
3.10 0.37 0.0020932630766364937
3.10 0.38 0.0019671640433645797
3.10 0.39 0.0018523582551826312
3.10 0.40 0.0017469581274920046
3.10 0.41 0.0016493998119793446
3.10 0.42 0.001558379803166349
3.10 0.43 0.0014728051552488782
3.10 0.44 0.0013917527602186485
3.10 0.45 0.001314437880575261
3.10 0.46 0.001240188294487909
3.10 0.47 0.0011684234461013868
3.10 0.48 0.0010986379396978755
3.10 0.49 0.0010303885142416923
3.10 0.50 0.0009632828242439222
3.15 0.00 0.9999999999989267
3.15 0.01 0.9998069169777809
3.15 0.02 0.9982009940567391
3.15 0.03 0.9924579595242726
3.15 0.04 0.9789323692606198
3.15 0.05 0.9537172547962763
3.15 0.06 0.9130642411948126
3.15 0.07 0.8541110925541322
3.15 0.08 0.7762684223746735
3.15 0.09 0.6816775599332169
3.15 0.10 0.5718029917409715
3.15 0.11 0.4411799338970547
3.15 0.12 0.2869288608098864
3.15 0.13 0.15558340145560212
3.15 0.14 0.08562178776350639
3.15 0.15 0.05322662613224397
3.15 0.16 0.03665055281084234
3.15 0.17 0.026993731328794877
3.15 0.18 0.020778988058928687
3.15 0.19 0.016494027070217965
3.15 0.20 0.013396286222451004
3.15 0.21 0.011080538788336439
3.15 0.22 0.009306095705008103
3.15 0.23 0.007920252355705626
3.15 0.24 0.006821101027243974
3.15 0.25 0.005937936982465594
3.15 0.26 0.0052201997630779585
3.15 0.27 0.004630873880305475
3.15 0.28 0.004142338878165472
3.15 0.29 0.003733664731092629
3.15 0.30 0.0033887817167449954
3.15 0.31 0.0030952168632549367
3.15 0.32 0.0028431958185652574
3.15 0.33 0.0026249941357827282
3.15 0.34 0.0024344622729531784
3.15 0.35 0.0022666709088077115
3.15 0.36 0.002117643788736765
3.15 0.37 0.001984154527991988
3.15 0.38 0.0018635707612828806
3.15 0.39 0.0017537325164050433
3.15 0.40 0.001652857746254208
3.15 0.41 0.0015594680475776732
3.15 0.42 0.0014723294530456666
3.15 0.43 0.0013904060975082045
3.15 0.44 0.00131282264594043
3.15 0.45 0.0012388337873193967
3.15 0.46 0.001167801285097656
3.15 0.47 0.0010991733614922434
3.15 0.48 0.0010324704258602645
3.15 0.49 0.0009672708472544692
3.15 0.50 0.0009032027425177871
3.20 0.00 0.9999999999990994
3.20 0.01 0.9998036861435318
3.20 0.02 0.9981256098042565
3.20 0.03 0.9920828653932956
3.20 0.04 0.9778286361269496
3.20 0.05 0.9512392677614253
3.20 0.06 0.908356242466038
3.20 0.07 0.8462198488009012
3.20 0.08 0.764386406138486
3.20 0.09 0.6650946997536336
3.20 0.10 0.5489339552455403
3.20 0.11 0.40907995069223385
3.20 0.12 0.2513434970533889
3.20 0.13 0.13354446131315492
3.20 0.14 0.07535164677520965
3.20 0.15 0.048092130969451675
3.20 0.16 0.0336836259336118
3.20 0.17 0.025064308450255167
3.20 0.18 0.019417178833825294
3.20 0.19 0.015478289688244922
3.20 0.20 0.01260912534225585
3.20 0.21 0.010453198184041565
3.20 0.22 0.008795094029231313
3.20 0.23 0.0074964230150360005
3.20 0.24 0.0064639959048585355
3.20 0.25 0.005632741551572933
3.20 0.26 0.004955931313115026
3.20 0.27 0.004399235150302999
3.20 0.28 0.0039369768933563455
3.20 0.29 0.0035496629680755024
3.20 0.30 0.003222303535713145
3.20 0.31 0.0029432475034471854
3.20 0.32 0.0027033532392743828
3.20 0.33 0.002495387416657471
3.20 0.34 0.0023135839523724068
3.20 0.35 0.0021533151955943053
3.20 0.36 0.002010843335168741
3.20 0.37 0.001883131153609251
3.20 0.38 0.0017676970597261428
3.20 0.39 0.0016625020602981787
3.20 0.40 0.001565861473759013
3.20 0.41 0.0014763756445550897
3.20 0.42 0.0013928748898332133
3.20 0.43 0.0013143760854819764
3.20 0.44 0.0012400476585914637
3.20 0.45 0.001169180939771747
3.20 0.46 0.0011011686038221629
3.20 0.47 0.0010354858939713588
3.20 0.48 0.0009716758837241199
3.20 0.49 0.0009093378488203114
3.20 0.50 0.0008481176871611326
3.25 0.00 0.9999999999992395
3.25 0.01 0.999800083925221
3.25 0.02 0.9980455486640741
3.25 0.03 0.9916871618705845
3.25 0.04 0.9766668280860005
3.25 0.05 0.9486312577434655
3.25 0.06 0.9033990009175581
3.25 0.07 0.8379166590275382
3.25 0.08 0.7518984049638473
3.25 0.09 0.6475952534596027
3.25 0.10 0.5244836646486302
3.25 0.11 0.3753138305896493
3.25 0.12 0.21849435704647902
3.25 0.13 0.11547202084456337
3.25 0.14 0.06695356407823871
3.25 0.15 0.043743035597562124
3.25 0.16 0.031089765797535765
3.25 0.17 0.0233409753563043
3.25 0.18 0.018184506632540145
3.25 0.19 0.014551336699830768
3.25 0.20 0.011887090955476196
3.25 0.21 0.00987584362825591
3.25 0.22 0.008323731290498888
3.25 0.23 0.007104815876639317
3.25 0.24 0.0061336130169123825
3.25 0.25 0.005350102232873431
3.25 0.26 0.004710996035754747
3.25 0.27 0.004184405431513454
3.25 0.28 0.003746424714765948
3.25 0.29 0.0033788716696211596
3.25 0.30 0.003067745031148319
3.25 0.31 0.0028021462623461398
3.25 0.32 0.0025735143926034747
3.25 0.33 0.002375066817952707
3.25 0.34 0.0022013899685198535
3.25 0.35 0.0020481336013822016
3.25 0.36 0.0019117794304676925
3.25 0.37 0.0017894646763035875
3.25 0.38 0.0016788468598362921
3.25 0.39 0.0015779986895068055
3.25 0.40 0.001485325363704606
3.25 0.41 0.0013995002270071112
3.25 0.42 0.0013194130595132456
3.25 0.43 0.0012441295771026893
3.25 0.44 0.0011728584971340832
3.25 0.45 0.00110492537332391
3.25 0.46 0.0010397503594300052
3.25 0.47 0.000976835936561124
3.25 0.48 0.0009157438757698298
3.25 0.49 0.000856093559883487
3.25 0.50 0.0007975458824784219
3.30 0.00 0.9999999999993606
3.30 0.01 0.9997961028040687
3.30 0.02 0.9979606599253923
3.30 0.03 0.9912701852415462
3.30 0.04 0.9754448733421812
3.30 0.05 0.9458879564067328
3.30 0.06 0.8981817449974472
3.30 0.07 0.8291845659081063
3.30 0.08 0.7387758734705995
3.30 0.09 0.6291071082922437
3.30 0.10 0.49834989059504675
3.30 0.11 0.34054763309621094
3.30 0.12 0.18925192822806586
3.30 0.13 0.1007064393684788
3.30 0.14 0.060002427753296325
3.30 0.15 0.04001539327125068
3.30 0.16 0.028802977884436577
3.30 0.17 0.021793136170699418
3.30 0.18 0.017064488183937996
3.30 0.19 0.013703035850531469
3.30 0.20 0.011223297353899599
3.30 0.21 0.009343440871973273
3.30 0.22 0.007888134445339184
3.30 0.23 0.006742345788179405
3.30 0.24 0.005827434364528632
3.30 0.25 0.005087910164651942
3.30 0.26 0.0044836019610574405
3.30 0.27 0.0039848384545130375
3.30 0.28 0.0035693292111770216
3.30 0.29 0.0032200918856260708
3.30 0.30 0.002924030406393251
3.30 0.31 0.002670937418089798
3.30 0.32 0.0024527849521679196
3.30 0.33 0.0022632048600294274
3.30 0.34 0.0020971083139465765
3.30 0.35 0.0019504004893464433
3.30 0.36 0.0018197655789788116
3.30 0.37 0.0017025019247580001
3.30 0.38 0.0015963956347038318
3.30 0.39 0.0014996227350565982
3.30 0.40 0.001410671850300168
3.30 0.41 0.0013282838170208667
3.30 0.42 0.0012514036046070262
3.30 0.43 0.0011791421497091832
3.30 0.44 0.0011107459350290058
3.30 0.45 0.001045571647819335
3.30 0.46 0.0009830670230052136
3.30 0.47 0.000922754655423209
3.30 0.48 0.000864218413317864
3.30 0.49 0.0008070935524400327
3.30 0.50 0.0007510578286578155
3.35 0.00 0.9999999999970552
3.35 0.01 0.999791734370223
3.35 0.02 0.9978708159751021
3.35 0.03 0.9908312437198347
3.35 0.04 0.9741606010752084
3.35 0.05 0.943003771814463
3.35 0.06 0.8926934850321449
3.35 0.07 0.8200060207832581
3.35 0.08 0.7249873659249422
3.35 0.09 0.6095507199371825
3.35 0.10 0.4704886202878621
3.35 0.11 0.30571715157883705
3.35 0.12 0.16395757506094488
3.35 0.13 0.08861375779248898
3.35 0.14 0.054178611936372315
3.35 0.15 0.036786813436630914
3.35 0.16 0.026772226455348783
3.35 0.17 0.020396160581054337
3.35 0.18 0.016043383268758364
3.35 0.19 0.012924732291841066
3.35 0.20 0.01061176406267428
3.35 0.21 0.00885157537038398
3.35 0.22 0.007484890102516462
3.35 0.23 0.006406282601394229
3.35 0.24 0.005543220930585094
3.35 0.25 0.004844293403611442
3.35 0.26 0.004272156791101992
3.35 0.27 0.0037991587764581716
3.35 0.28 0.0034044855187387577
3.35 0.29 0.0030722541475829432
3.35 0.30 0.00279019921079861
3.35 0.31 0.0025487485064373716
3.35 0.32 0.0023403641374946534
3.35 0.33 0.0021590600314485633
3.35 0.34 0.0020000465143524527
3.35 0.35 0.0018594645866594926
3.35 0.36 0.001734185307830669
3.35 0.37 0.001621656213258921
3.35 0.38 0.00151978245714509
3.35 0.39 0.001426835835795145
3.35 0.40 0.0013413822385607427
3.35 0.41 0.0012622253680365137
3.35 0.42 0.0011883614977621182
3.35 0.43 0.0011189436577015916
3.35 0.44 0.0010532531593111603
3.35 0.45 0.0009906761118193181
3.35 0.46 0.0009306847336974998
3.35 0.47 0.0008728225538290903
3.35 0.48 0.0008166919681558386
3.35 0.49 0.0007619437502620187
3.35 0.50 0.000708270052588609
3.40 0.00 0.9999999999971437
3.40 0.01 0.9997869712908773
3.40 0.02 0.9977758581648405
3.40 0.03 0.9903696319851859
3.40 0.04 0.9728118038228996
3.40 0.05 0.9399729228997519
3.40 0.06 0.8869224318005815
3.40 0.07 0.8103629974249063
3.40 0.08 0.7104983108408162
3.40 0.09 0.588841403334203
3.40 0.10 0.4409558769848506
3.40 0.11 0.27189698302090726
3.40 0.12 0.14251139303114535
3.40 0.13 0.0786464049581227
3.40 0.14 0.049242255659888774
3.40 0.15 0.03396447789179888
3.40 0.16 0.02495741930823477
3.40 0.17 0.019129946649257712
3.40 0.18 0.015109623768452417
3.40 0.19 0.012208978248806204
3.40 0.20 0.010047270470287539
3.40 0.21 0.008396359670136728
3.40 0.22 0.007110976309141074
3.40 0.23 0.0060942032169566335
3.40 0.24 0.00527898276316437
3.40 0.25 0.004617586070443108
3.40 0.26 0.004075241027096602
3.40 0.27 0.0036261389194593868
3.40 0.28 0.0032508172599176946
3.40 0.29 0.0029344024778860285
3.40 0.30 0.0026653918457422163
3.40 0.31 0.0024347977068742243
3.40 0.32 0.0022355340911834817
3.40 0.33 0.002061966808413855
3.40 0.34 0.0019095826197198453
3.40 0.35 0.001774740394664672
3.40 0.36 0.0016544843439542942
3.40 0.37 0.001546399828598443
3.40 0.38 0.001448502620217723
3.40 0.39 0.0013591533481376917
3.40 0.40 0.0012769899062137122
3.40 0.41 0.0012008743974558662
3.40 0.42 0.0011298508531228536
3.40 0.43 0.0010631115225785501
3.40 0.44 0.000999970312350059
3.40 0.45 0.0009398405277309501
3.40 0.46 0.0008822174185631384
3.40 0.47 0.0008266640011232612
3.40 0.48 0.0007727995470393043
3.40 0.49 0.000720289806619394
3.40 0.50 0.0006688396973854175
3.45 0.00 0.9999999999984823
3.45 0.01 0.9997818039676624
3.45 0.02 0.99767563683713
3.45 0.03 0.9898846376041364
3.45 0.04 0.9713960504714496
3.45 0.05 0.9367893672070802
3.45 0.06 0.880856863191382
3.45 0.07 0.8002362918703261
3.45 0.08 0.6952704021048932
3.45 0.09 0.5668945964176977
3.45 0.10 0.4099540682860983
3.45 0.11 0.24010228874622022
3.45 0.12 0.12453886080268103
3.45 0.13 0.07036052343590894
3.45 0.14 0.04501277251436124
3.45 0.15 0.0314771665839239
3.45 0.16 0.023326616833040797
3.45 0.17 0.017977922397078648
3.45 0.18 0.014253394369706908
3.45 0.19 0.011549320613050128
3.45 0.20 0.009525234726014657
3.45 0.21 0.007974357366782476
3.45 0.22 0.006763710711425444
3.45 0.23 0.005803952102952599
3.45 0.24 0.005032945660447687
3.45 0.25 0.004406301142054515
3.45 0.26 0.0038915874340813344
3.45 0.27 0.003464682301206696
3.45 0.28 0.0031073619901365607
3.45 0.29 0.002805680690147392
3.45 0.30 0.0025488374629402243
3.45 0.31 0.0023283836050070044
3.45 0.32 0.0021376496692365457
3.45 0.33 0.00197132678119363
3.45 0.34 0.001825156936163461
3.45 0.35 0.001695701073832778
3.45 0.36 0.0015801634133941638
3.45 0.37 0.001476257315320808
3.45 0.38 0.001382101402089819
3.45 0.39 0.001296138916838145
3.45 0.40 0.001217074683416197
3.45 0.41 0.0011438252112828248
3.45 0.42 0.0010754792229600695
3.45 0.43 0.0010112656232960046
3.45 0.44 0.0009505286332417515
3.45 0.45 0.0008927071015173867
3.45 0.46 0.0008373176502405372
3.45 0.47 0.0007839416359538893
3.45 0.48 0.0007322139820256713
3.45 0.49 0.0006818141802151729
3.45 0.50 0.0006324593705786172
3.50 0.00 0.9999999999980482
3.50 0.01 0.9997762232891594
3.50 0.02 0.9975699864322414
3.50 0.03 0.9893754946135578
3.50 0.04 0.9699109814594091
3.50 0.05 0.9334468042503947
3.50 0.06 0.8744843276188307
3.50 0.07 0.7896067316955868
3.50 0.08 0.6792613133616202
3.50 0.09 0.5436341719569148
3.50 0.10 0.3778684231727725
3.50 0.11 0.21110335120512802
3.50 0.12 0.10955232270657783
3.50 0.13 0.06340644896248128
3.50 0.14 0.0413531734944446
3.50 0.15 0.029269376949102272
3.50 0.16 0.021854002681149152
3.50 0.17 0.01692623863393011
3.50 0.18 0.013466288646526627
3.50 0.19 0.010940137959797348
3.50 0.20 0.009041625440583661
3.50 0.21 0.0075825175893655845
3.50 0.22 0.006440705016808039
3.50 0.23 0.005533602928206406
3.50 0.24 0.0048035249562908035
3.50 0.25 0.0042091081580484125
3.50 0.26 0.00372006103846662
3.50 0.27 0.003313805014710991
3.50 0.28 0.0029732557105919084
3.50 0.29 0.0026853194998991557
3.50 0.30 0.0024398432705363517
3.50 0.31 0.0022288750779332948
3.50 0.32 0.0020461303497277786
3.50 0.33 0.0018866009195786754
3.50 0.34 0.0017462652431178415
3.50 0.35 0.0016218714056426514
3.50 0.36 0.0015107721301499688
3.50 0.37 0.0014107999064240252
3.50 0.38 0.0013201686350079577
3.50 0.39 0.0012373987318325974
3.50 0.40 0.001161257420116346
3.50 0.41 0.0010907119513758276
3.50 0.42 0.0010248929270026087
3.50 0.43 0.0009630634253256633
3.50 0.44 0.0009045961508506277
3.50 0.45 0.000848953756867681
3.50 0.46 0.000795672989284135
3.50 0.47 0.0007443522088856735
3.50 0.48 0.0006946411647142647
3.50 0.49 0.0006462321337229349
3.50 0.50 0.0005988533334566005
3.55 0.00 0.9999999999974968
3.55 0.01 0.9997702200695332
3.55 0.02 0.9974587556439133
3.55 0.03 0.9888414446380295
3.55 0.04 0.9683541756331249
3.55 0.05 0.9299389204768646
3.55 0.06 0.86779249279924
3.55 0.07 0.7784531444302114
3.55 0.08 0.662425047208397
3.55 0.09 0.5190059215209673
3.55 0.10 0.3452738047304851
3.55 0.11 0.18532709994949317
3.55 0.12 0.09705386045659654
3.55 0.13 0.05751285055092893
3.55 0.14 0.03815856885316453
3.55 0.15 0.02729734069301204
3.55 0.16 0.020518531929956056
3.55 0.17 0.015963229037613998
3.55 0.18 0.012741061637878089
3.55 0.19 0.010376508575329204
3.55 0.20 0.008592869247796729
3.55 0.21 0.007218134473402087
3.55 0.22 0.006139827203856932
3.55 0.23 0.005281440030215444
3.55 0.24 0.004589300847982817
3.55 0.25 0.004024814550770705
3.55 0.26 0.0035596426809787526
3.55 0.27 0.0031726242735520454
3.55 0.28 0.0028477216256576677
3.55 0.29 0.002572627559001618
3.55 0.30 0.0023377856102764563
3.55 0.31 0.0021357034778041947
3.55 0.32 0.0019604525696440608
3.55 0.33 0.0018073030197158712
3.55 0.34 0.0016724523710452688
3.55 0.35 0.0015528223950655661
3.55 0.36 0.001445904018214384
3.55 0.37 0.0013496400695460352
3.55 0.38 0.001262333710808381
3.55 0.39 0.0011825770574900346
3.55 0.40 0.0011091956516359608
3.55 0.41 0.0010412043805395216
3.55 0.42 0.0009777726991415363
3.55 0.43 0.000918195950030192
3.55 0.44 0.0008618734796540014
3.55 0.45 0.0008082902614519154
3.55 0.46 0.0007570019678699578
3.55 0.47 0.0007076229573143987
3.55 0.48 0.0006598166557393771
3.55 0.49 0.000613287450311515
3.55 0.50 0.0005677739949813999
3.60 0.00 0.9999999999969288
3.60 0.01 0.9997637819163558
3.60 0.02 0.99734177590448
3.60 0.03 0.9882816984924858
3.60 0.04 0.9667228865613373
3.60 0.05 0.9262586186419204
3.60 0.06 0.8607678195783476
3.60 0.07 0.7667544303633838
3.60 0.08 0.6447115988499075
3.60 0.09 0.49299582116671226
3.60 0.10 0.3128936963290005
3.60 0.11 0.1628670560068422
3.60 0.12 0.086592453891986
3.60 0.13 0.05247019057623094
3.60 0.14 0.03534763182190811
3.60 0.15 0.025526018024393478
3.60 0.16 0.019302787692638455
3.60 0.17 0.01507900852377233
3.60 0.18 0.012071430666905102
3.60 0.19 0.009854104296543221
3.60 0.20 0.008175801719658362
3.60 0.21 0.006878787567329019
3.60 0.22 0.005859169242902114
3.60 0.23 0.005045914196826526
3.60 0.24 0.004389000663794768
3.60 0.25 0.003852348204147854
3.60 0.26 0.0034094164351239596
3.60 0.27 0.003040344954884283
3.60 0.28 0.002730060635556517
3.60 0.29 0.0024669810504688475
3.60 0.30 0.0022421020554411943
3.60 0.31 0.002048355853788872
3.60 0.32 0.001880143681876249
3.60 0.33 0.001732993744729466
3.60 0.34 0.001603306855358665
3.60 0.35 0.001488166134099511
3.60 0.36 0.0013851911580305101
3.60 0.37 0.0012924275839944525
3.60 0.38 0.0012082614592779488
3.60 0.39 0.0011313522617121953
3.60 0.40 0.0010605798829250537
3.60 0.41 0.0009950038256653418
3.60 0.42 0.0009338299053214174
3.60 0.43 0.0008763839265764986
3.60 0.44 0.0008220902525796728
3.60 0.45 0.0007704546718100038
3.60 0.46 0.0007210507040137606
3.60 0.47 0.0006735077301564097
3.60 0.48 0.0006275021523012357
3.60 0.49 0.0005827495467934951
3.60 0.50 0.0005389984867770773
3.65 0.00 0.9999999999968426
3.65 0.01 0.9997569029075227
3.65 0.02 0.9972188794447759
3.65 0.03 0.9876954310958468
3.65 0.04 0.9650144435758481
3.65 0.05 0.9223989159365293
3.65 0.06 0.8533973383549363
3.65 0.07 0.754487025335921
3.65 0.08 0.6260687827120937
3.65 0.09 0.46565395449335717
3.65 0.10 0.2815103276509815
3.65 0.11 0.1435621913365271
3.65 0.12 0.07778489171038724
3.65 0.13 0.0481164943566472
3.65 0.14 0.03285668162553637
3.65 0.15 0.023927163010423292
3.65 0.16 0.018192230378600814
3.65 0.17 0.01426508634079077
3.65 0.18 0.011451904618201659
3.65 0.19 0.009369101984497162
3.65 0.20 0.007787607064598639
3.65 0.21 0.006562313781702732
3.65 0.22 0.005597019859670713
3.65 0.23 0.004825640000620839
3.65 0.24 0.0042014730648522215
3.65 0.25 0.0036907434666113527
3.65 0.26 0.003268556386678603
3.65 0.27 0.0029162500692346957
3.65 0.28 0.0026196417790665797
3.65 0.29 0.002367817002089987
3.65 0.30 0.002152284245344044
3.65 0.31 0.0019663682823661925
3.65 0.32 0.0018047761291192373
3.65 0.33 0.0016632755630198374
3.65 0.34 0.0015384563284973293
3.65 0.35 0.0014275514257427475
3.65 0.36 0.0013283003555019449
3.65 0.37 0.0012388448518094782
3.65 0.38 0.0011576483451733888
3.65 0.39 0.0010834328748542304
3.65 0.40 0.0010151295782057073
3.65 0.41 0.0009518397312121311
3.65 0.42 0.0008928034286127791
3.65 0.43 0.0008373748976008857
3.65 0.44 0.0007850019080182046
3.65 0.45 0.000735210157981028
3.65 0.46 0.0006875898435370247
3.65 0.47 0.000641784518098204
3.65 0.48 0.0005974826464771855
3.65 0.49 0.0005544105153813476
3.65 0.50 0.0005123259615165503
3.70 0.00 0.9999999999929741
3.70 0.01 0.9997495682891415
3.70 0.02 0.9970898984404895
3.70 0.03 0.9870818211645896
3.70 0.04 0.963226055905515
3.70 0.05 0.9183526007461339
3.70 0.06 0.8456672082276594
3.70 0.07 0.7416270885765212
3.70 0.08 0.6064441018122143
3.70 0.09 0.43711843882664636
3.70 0.10 0.25184858155907
3.70 0.11 0.12710451442875723
3.70 0.12 0.07031716525283527
3.70 0.13 0.04432592322727975
3.70 0.14 0.03063527064861133
3.70 0.15 0.022477621145865562
3.70 0.16 0.017174625148728355
3.70 0.17 0.01351414611764848
3.70 0.18 0.01087768432517425
3.70 0.19 0.00891810582472798
3.70 0.20 0.007425760904156756
3.70 0.21 0.00626676997272123
3.70 0.22 0.005351839487093967
3.70 0.23 0.004619368339752492
3.70 0.24 0.004025685567513596
3.70 0.25 0.00353912940968688
3.70 0.26 0.0031363170297541887
3.70 0.27 0.00279969182281873
3.70 0.28 0.0025158932411652717
3.70 0.29 0.0022746262312781824
3.70 0.30 0.002067872186052184
3.70 0.31 0.0018893207076732727
3.70 0.32 0.0017339625981980873
3.70 0.33 0.0015977882225808979
3.70 0.34 0.001477563118836709
3.70 0.35 0.0013706598654768041
3.70 0.36 0.0012749297518687267
3.70 0.37 0.0011886041764092884
3.70 0.38 0.0011102187807458174
3.70 0.39 0.0010385546533776238
3.70 0.40 0.0009725906887310884
3.70 0.41 0.0009114672400589423
3.70 0.42 0.0008544567240316801
3.70 0.43 0.0008009399512247991
3.70 0.44 0.0007503872693706286
3.70 0.45 0.0007023426067235513
3.70 0.46 0.0006564119789416532
3.70 0.47 0.0006122524990590608
3.70 0.48 0.0005695640657642857
3.70 0.49 0.0005280827773707886
3.70 0.50 0.0004875752225802209
3.75 0.00 0.999999999996461
3.75 0.01 0.9997417652512328
3.75 0.02 0.9969546471124406
3.75 0.03 0.9864399990848878
3.75 0.04 0.9613547374369427
3.75 0.05 0.9141117745778289
3.75 0.06 0.8375632697372444
3.75 0.07 0.7281485541320185
3.75 0.08 0.5857883506930106
3.75 0.09 0.4076371352361437
3.75 0.10 0.22447190201068518
3.75 0.11 0.11312379079532377
3.75 0.12 0.06393699040101977
3.75 0.13 0.0410001670025978
3.75 0.14 0.028643020280675835
3.75 0.15 0.02115825329564911
3.75 0.16 0.01623958034313825
3.75 0.17 0.012819832113277564
3.75 0.18 0.010344526848211487
3.75 0.19 0.008498100287329599
3.75 0.20 0.007088017731899107
3.75 0.21 0.005990415782131783
3.75 0.22 0.005122242302654608
3.75 0.23 0.00442597204410343
3.75 0.24 0.003860704822281495
3.75 0.25 0.0033967182723784947
3.75 0.26 0.003012023365873421
3.75 0.27 0.0026900837150642507
3.75 0.28 0.002418298011356332
3.75 0.29 0.002186947118128705
3.75 0.30 0.0019884488694800672
3.75 0.31 0.0018168322092599982
3.75 0.32 0.0016673516743896445
3.75 0.33 0.001536204773401338
3.75 0.34 0.001420320744099175
3.75 0.35 0.001317202281577496
3.75 0.36 0.0012248049867971996
3.75 0.37 0.0011414440805972415
3.75 0.38 0.0010657229790917901
3.75 0.39 0.0009964777920921572
3.75 0.40 0.0009327323441487586
3.75 0.41 0.0008736637243966039
3.75 0.42 0.0008185750282676792
3.75 0.43 0.0007668718295916886
3.75 0.44 0.0007180454930476129
3.75 0.45 0.0006716578914973079
3.75 0.46 0.0006273294344331756
3.75 0.47 0.0005847301361484569
3.75 0.48 0.0005435707076947787
3.75 0.49 0.000503596646049419
3.75 0.50 0.00046458272122613963
3.80 0.00 0.9999999999933327
3.80 0.01 0.9997334912575058
3.80 0.02 0.9968129460601337
3.80 0.03 0.98576910861332
3.80 0.04 0.9593974056193907
3.80 0.05 0.9096689902090278
3.80 0.06 0.8290710571960229
3.80 0.07 0.7140239939306152
3.80 0.08 0.5640610115682028
3.80 0.09 0.37757548436263116
3.80 0.10 0.1997242069715005
3.80 0.11 0.10124654826488452
3.80 0.12 0.05844348248897816
3.80 0.13 0.038061619979590844
3.80 0.14 0.026847187959025732
3.80 0.15 0.01995316568426455
3.80 0.16 0.015378198513730162
3.80 0.17 0.012176614632824332
3.80 0.18 0.009848693230940073
3.80 0.19 0.008106391576213857
3.80 0.20 0.006772352747448935
3.80 0.21 0.005731680716625014
3.80 0.22 0.004906976519541591
3.80 0.23 0.004244432307638863
3.80 0.24 0.0037056823312798335
3.80 0.25 0.0032627969245681704
3.80 0.26 0.0028950642260015718
3.80 0.27 0.0025868940102454704
3.80 0.28 0.0023263883944190733
3.80 0.29 0.0021043606117756054
3.80 0.30 0.0019136355342553313
3.80 0.31 0.001748556661789092
3.80 0.32 0.001604624100056478
3.80 0.33 0.0014782281038830322
3.80 0.34 0.0013664506119994663
3.80 0.35 0.0012669158235696094
3.80 0.36 0.0011776767150594274
3.80 0.37 0.0010971269620814504
3.80 0.38 0.0010239336586265668
3.80 0.39 0.0009569841442023304
3.80 0.40 0.0008953447830294457
3.80 0.41 0.0008382273672484106
3.80 0.42 0.0007849631720739758
3.80 0.43 0.0007349820391689745
3.80 0.44 0.0006877947086966109
3.80 0.45 0.0006429797535297921
3.80 0.46 0.0006001718618383091
3.80 0.47 0.0005590526551357156
3.80 0.48 0.0005193434252590014
3.80 0.49 0.00048079846327893366
3.80 0.50 0.000443200289704068
3.85 0.00 0.9999999999974457
3.85 0.01 0.9997247293558393
3.85 0.02 0.9966646503107272
3.85 0.03 0.9850682183315405
3.85 0.04 0.9573510855381842
3.85 0.05 0.9050162234016478
3.85 0.06 0.820175765379761
3.85 0.07 0.6992242762009191
3.85 0.08 0.5412380316697106
3.85 0.09 0.34740480541773083
3.85 0.10 0.17772729717349478
3.85 0.11 0.09113061811932824
3.85 0.12 0.05367747272263894
3.85 0.13 0.035448562955925765
3.85 0.14 0.025221072868047412
3.85 0.15 0.0188489316287491
3.85 0.16 0.014582815882481687
3.85 0.17 0.011579635641990329
3.85 0.18 0.009386850909896218
3.85 0.19 0.007740579859581893
3.85 0.20 0.006476943757444953
3.85 0.21 0.005489146565636445
3.85 0.22 0.004704910642253509
3.85 0.23 0.004073825601299813
3.85 0.24 0.0035598590748638914
3.85 0.25 0.0031367177643517306
3.85 0.26 0.002784884660087139
3.85 0.27 0.0024896395365988397
3.85 0.28 0.0022397384628111963
3.85 0.29 0.002026485985056158
3.85 0.30 0.001843087860099565
3.85 0.31 0.0016841794346813884
3.85 0.32 0.0015454893317930478
3.85 0.33 0.0014235877768741761
3.85 0.34 0.001315699169311304
3.85 0.35 0.0012195612161936225
3.85 0.36 0.0011333178678047087
3.85 0.37 0.0010554366198832342
3.85 0.38 0.0009846437839178082
3.85 0.39 0.0009198753983498247
3.85 0.40 0.0008602373271665133
3.85 0.41 0.0008049742004080922
3.85 0.42 0.0007534440483935991
3.85 0.43 0.0007050992284746659
3.85 0.44 0.0006594693618604398
3.85 0.45 0.0006161484562102345
3.85 0.46 0.0005747846840483053
3.85 0.47 0.0005350708607729155
3.85 0.48 0.0004967382095876315
3.85 0.49 0.0004595493304131094
3.85 0.50 0.0004232941154402655
3.90 0.00 0.9999999999993068
3.90 0.01 0.999715462841974
3.90 0.02 0.9965095249084956
3.90 0.03 0.9843363577025639
3.90 0.04 0.9552125492376866
3.90 0.05 0.9001443621619056
3.90 0.06 0.8108617112339603
3.90 0.07 0.6837189207581549
3.90 0.08 0.5173217663145725
3.90 0.09 0.3176647553460186
3.90 0.10 0.15841792642947722
3.90 0.11 0.08247811397578869
3.90 0.12 0.04951254497041187
3.90 0.13 0.03311154761304998
3.90 0.14 0.023742608302086982
3.90 0.15 0.017834166453272193
3.90 0.16 0.013846787677399098
3.90 0.17 0.011024610656310916
3.90 0.18 0.008956042478007457
3.90 0.19 0.007398493367511011
3.90 0.20 0.006200153331602011
3.90 0.21 0.005261532107701609
3.90 0.22 0.0045150195305222645
3.90 0.23 0.003913315802296262
3.90 0.24 0.0034225316938002064
3.90 0.25 0.0030178928648836806
3.90 0.26 0.002680979444873069
3.90 0.27 0.002397880988541645
3.90 0.28 0.0021579580296717865
3.90 0.29 0.0019529765441445406
3.90 0.30 0.001776492062890523
3.90 0.31 0.0016234135433922617
3.90 0.32 0.0014896826721596118
3.90 0.33 0.0013720374300829933
3.90 0.34 0.001267835319205041
3.90 0.35 0.0011749203545554144
3.90 0.36 0.0010915217517586493
3.90 0.37 0.0010161757767372264
3.90 0.38 0.0009476649794604827
3.90 0.39 0.000884970658808685
3.90 0.40 0.0008272361848369841
3.90 0.41 0.0007737367751042802
3.90 0.42 0.0007238562590915063
3.90 0.43 0.0006770677970240987
3.90 0.44 0.0006329187888398155
3.90 0.45 0.0005910185380170054
3.90 0.46 0.0005510272726960243
3.90 0.47 0.0005126490773149461
3.90 0.48 0.0004756240381931117
3.90 0.49 0.0004397227992148725
3.90 0.50 0.0004047424381219384
3.95 0.00 0.9999999999966286
3.95 0.01 0.9997056919422966
3.95 0.02 0.9963473818940398
3.95 0.03 0.9835727033479529
3.95 0.04 0.9529781392386185
3.95 0.05 0.895045310623793
3.95 0.06 0.8011141213950157
3.95 0.07 0.6674765309574291
3.95 0.08 0.4923528483175321
3.95 0.09 0.28890601852867925
3.95 0.10 0.1416133395037419
3.95 0.11 0.0750380022551374
3.95 0.12 0.045848025589879
3.95 0.13 0.03101034236711045
3.95 0.14 0.0223934244469166
3.95 0.15 0.016899167593050372
3.95 0.16 0.013164314704126644
3.95 0.17 0.01050776338828182
3.95 0.18 0.008553616524957699
3.95 0.19 0.007078189577561308
3.95 0.20 0.005940500161198539
3.95 0.21 0.005047677634256319
3.95 0.22 0.004336372201947158
3.95 0.23 0.00376214105183411
3.95 0.24 0.0032930701644490147
3.95 0.25 0.0029057868819674718
3.95 0.26 0.0025828897073415747
3.95 0.27 0.002311218101119607
3.95 0.28 0.002080695600041426
3.95 0.29 0.0018835158587354205
3.95 0.30 0.0017135621080847697
3.95 0.31 0.001565997568795658
3.95 0.32 0.001436962604230135
3.95 0.33 0.0013233521332845829
3.95 0.34 0.00122264824265824
3.95 0.35 0.0011327943940211906
3.95 0.36 0.0010520995129403375
3.95 0.37 0.0009791648544319924
3.95 0.38 0.0009128251701773093
3.95 0.39 0.0008521049776411126
3.95 0.40 0.0007961826684633541
3.95 0.41 0.0007443624708588289
3.95 0.42 0.0006960523580467589
3.95 0.43 0.0006507454847139976
3.95 0.44 0.0006080062038769026
3.95 0.45 0.0005674576217822946
3.95 0.46 0.0005287721214694797
3.95 0.47 0.0004916637668024842
3.95 0.48 0.000455881838369733
3.95 0.49 0.00042120454987792466
3.95 0.50 0.00038743530745915454
4.00 0.00 0.9999999999795258
4.00 0.01 0.9996953887782409
4.00 0.02 0.9961780300831
4.00 0.03 0.9827761392015743
4.00 0.04 0.9506442801683557
4.00 0.05 0.889710244164871
4.00 0.06 0.7909155218290375
4.00 0.07 0.6504655350247572
4.00 0.08 0.4664231397497466
4.00 0.09 0.26162628216657713
4.00 0.10 0.12705932431593267
4.00 0.11 0.06860325053082911
4.00 0.12 0.04260329177905314
4.00 0.13 0.029112247810085035
4.00 0.14 0.021158114246368643
4.00 0.15 0.016035571559037426
4.00 0.16 0.012530336618452976
4.00 0.17 0.01002571950991717
4.00 0.18 0.008177201175643913
4.00 0.19 0.006777917673047672
4.00 0.20 0.005696644080187998
4.00 0.21 0.004846528095836711
4.00 0.22 0.00416812318055373
4.00 0.23 0.0036196094942736465
4.00 0.24 0.003170897116090026
4.00 0.25 0.0027999117911902097
4.00 0.26 0.0024901950760567123
4.00 0.27 0.0022292850187740484
4.00 0.28 0.0020076288529756515
4.00 0.29 0.0018178161491466138
4.00 0.30 0.0016540368545130337
4.00 0.31 0.0015116924496693025
4.00 0.32 0.0013871085127230313
4.00 0.33 0.0012773265508956495
4.00 0.34 0.0011799452394238388
4.00 0.35 0.0010930012924280856
4.00 0.36 0.0010148787165094458
4.00 0.37 0.0009442393141783053
4.00 0.38 0.0008799674152350501
4.00 0.39 0.00082112777390186
4.00 0.40 0.0007669321351743514
4.00 0.41 0.0007167121665945936
4.00 0.42 0.0006698983757382104
4.00 0.43 0.0006260031380623897
4.00 0.44 0.0005846064940250019
4.00 0.45 0.0005453449412469668
4.00 0.46 0.0005079024917619289
4.00 0.47 0.0004720029940124998
4.00 0.48 0.00043740365712984994
4.00 0.49 0.00040389021423250664
4.00 0.50 0.0003712723463724555
