3.500000000000002 0.0 0.317150736 0.317150736 -0.634301472 0.0 0.0 0.0
3.500000000000002 0.01 0.31968719199999995 0.319698964 -0.639386156 1.7156e-05 2.3948e-05 2.3396e-05
3.500000000000002 0.02 0.32703847599999997 0.32708460399999995 -0.6541230800000001 7.0056e-05 9.7912e-05 9.5868e-05
3.500000000000002 0.03 0.33861494799999997 0.338715656 -0.677330604 0.00016247400000000002 0.000227572 0.000223716
3.500000000000002 0.04 0.35391275866666666 0.3540856906666667 -0.7079984493333333 0.000299234 0.000420776 0.000415988
3.500000000000002 0.05 0.37283440133333334 0.37309469733333334 -0.7459290986666667 0.00048472399999999996 0.000686516 0.000683384
3.500000000000002 0.06 0.39561032133333335 0.39596744133333334 -0.7915777626666667 0.000721382 0.001035108 0.001036956
3.500000000000002 0.07 0.42237765866666666 0.42282515466666665 -0.8452028133333334 0.001008238 0.001479738 0.00148579
3.500000000000002 0.08 0.45329024133333334 0.45378951333333334 -0.9070797546666667 0.00134027 0.00204102 0.0020352540000000002
3.500000000000002 0.09 0.490296264 0.49075314 -0.9810494040000001 0.001710594 0.0027590540000000004 0.0026926420000000003
3.500000000000002 0.1 0.5377626600000001 0.5379811400000001 -1.0757438 0.00212047 0.0036953100000000003 0.003480974
3.500000000000002 0.11 0.5874420573333332 0.5871921653333334 -1.1746342226666666 0.002596718 0.0047976979999999995 0.004408732
3.500000000000002 0.12 0.6170070733333333 0.6163288053333333 -1.2333358786666666 0.0031487520000000003 0.005865756 0.005405768
3.500000000000002 0.13 0.629274404 0.628339556 -1.25761396 0.0037510319999999996 0.006897436 0.006439449999999999
3.500000000000002 0.14 0.6342118613333334 0.6331317893333333 -1.2673436506666667 0.004393922 0.007960618 0.007524862
3.500000000000002 0.15 0.636220012 0.635054616 -1.271274628 0.005077728 0.00908426 0.008673942
3.500000000000002 0.16 0.6369064653333334 0.6356902533333333 -1.2725967186666667 0.0058038099999999995 0.01027759 0.00989207
3.500000000000002 0.17 0.6369126813333333 0.6356675213333334 -1.2725802026666666 0.0065730779999999996 0.01154348 0.01118152
3.500000000000002 0.18 0.636527896 0.6352687960000001 -1.271796692 0.007386026 0.012882702 0.01254318
3.500000000000002 0.19 0.6358970413333334 0.6346349253333334 -1.2705319666666666 0.008242874 0.014295234 0.01397728
3.500000000000002 0.2 0.6350989 0.633842064 -1.268940964 0.009143668 0.015780752000000002 0.015483694
3.500000000000002 0.21 0.6341789879999999 0.632933924 -1.267112912 0.01008835 0.017338772 0.017062088
3.500000000000002 0.22 0.6331647813333334 0.6319366733333334 -1.2651014546666666 0.011076780000000001 0.01896872 0.018711984
3.500000000000002 0.23 0.6320733506666667 0.6308664066666667 -1.2629397573333332 0.012108767999999999 0.020669968 0.020432816
3.500000000000002 0.24 0.6309155120000001 0.629733156 -1.260648668 0.013184092 0.022441825999999998 0.022223924
3.500000000000002 0.25 0.6296981573333335 0.6285432093333334 -1.2582413666666667 0.014302486 0.024283568 0.024084596
3.500000000000002 0.26 0.628425672 0.6273004320000001 -1.2557261039999998 0.015463663999999998 0.026194420000000003 0.026014049999999997
3.500000000000002 0.27 0.6271007733333334 0.6260071173333333 -1.2531078906666666 0.016667309999999998 0.028173563999999998 0.02801146
3.500000000000002 0.28 0.62572508 0.6246645120000001 -1.2503895919999999 0.017913096 0.030220138 0.030075938
3.500000000000002 0.29 0.6242994573333334 0.6232731693333333 -1.2475726266666667 0.019200662 0.032333234 0.032206552
3.500000000000002 0.3 0.6228242626666667 0.6218331666666668 -1.2446574293333332 0.020529633999999998 0.0345119 0.034402318
3.500000000000002 0.31 0.621299504 0.620344268 -1.241643772 0.02189962 0.03675514 0.036662202000000005
3.500000000000002 0.32 0.6197249586666667 0.6188060266666666 -1.2385309853333333 0.023310206 0.039061896 0.038985123999999996
3.500000000000002 0.33 0.6181002373333333 0.6172178573333333 -1.2353180946666666 0.024760952 0.041431076 0.041369942
3.500000000000002 0.34 0.6164248453333334 0.6155790933333334 -1.2320039386666666 0.026251405999999998 0.043861526 0.043815478000000005
3.500000000000002 0.35000000000000003 0.6146982293333334 0.6138890173333335 -1.2285872466666667 0.027781095999999998 0.046352036 0.046320506
3.500000000000002 0.36 0.6129197906666666 0.6121468906666667 -1.2250666813333333 0.029349524000000002 0.048901348 0.048883736
3.500000000000002 0.37 0.611088924 0.610351972 -1.2214408959999998 0.030956171999999997 0.051508163999999995 0.051503824
3.500000000000002 0.38 0.6092050106666667 0.6085035346666667 -1.2177085453333332 0.032600502 0.054171106 0.054179385999999996
3.500000000000002 0.39 0.6072674506666668 0.6066008706666667 -1.2138683213333334 0.034281952000000004 0.05688875 0.056908983999999996
3.500000000000002 0.4 0.605275668 0.604643304 -1.209918972 0.035999942 0.05965962 0.059691114
3.500000000000002 0.41000000000000003 0.6032291053333334 0.6026302053333334 -1.2058593106666666 0.037753856 0.062482184 0.062524226
3.500000000000002 0.42 0.601127244 0.60056098 -1.201688224 0.03954307 0.065354846 0.065406732
3.500000000000002 0.43 0.598969608 0.598435088 -1.197404696 0.041366922 0.068275952 0.068336962
3.500000000000002 0.44 0.5967557640000001 0.59625204 -1.193007804 0.04322473 0.071243796 0.07131320799999999
3.500000000000002 0.45 0.5944853253333333 0.5940114093333333 -1.1884967346666666 0.04511579 0.074256618 0.074333708
3.500000000000002 0.46 0.59215796 0.591712824 -1.183870784 0.04703936 0.077312594 0.07739664800000001
3.500000000000002 0.47000000000000003 0.589773396 0.589355976 -1.179129372 0.048994682 0.08040984600000001 0.08050015799999999
3.500000000000002 0.48 0.5873314146666667 0.5869406346666667 -1.1742720493333332 0.05098097 0.08354644 0.083642314
3.500000000000002 0.49 0.5848318720000001 0.584466632 -1.169298504 0.0529974 0.08672039200000001 0.08682114199999999
3.500000000000002 0.5 0.5822746759999999 0.581933872 -1.164208548 0.05504313 0.08992966999999999 0.090034626
