-0.7211072
-0.72176707
-0.7283311
-0.7500607
-0.79547936
-0.8682269
-0.9637954
-1.0676291
-1.1561611
-1.2027473
-1.1850356
-1.0825621
-0.8632315
-0.52962685
-0.25077853
-0.121337295
-0.07198872
-0.05222544
-0.043471776
-0.03917901
-0.036850408
-0.035452016
-0.03452165
-0.033836808
-0.03328271
-0.0327966
-0.032342684
-0.03189993
-0.031455792
-0.031002816
-0.030536678
-0.030055055
-0.029556919
-0.029042106
-0.02851102
-0.027964462
-0.027403487
-0.02682933
-0.026243329
-0.025646893
-0.025041465
-0.024428494
-0.02380943
-0.023185687
-0.022558656
-0.021929685
-0.021300076
-0.020671073
-0.020043878
-0.019419624
-0.018799394
