-0.71106917
-0.7126747
-0.7297007
-0.7836242
-0.88524735
-1.017661
-1.1229712
-1.1095369
-0.88697326
-0.4847725
-0.19520147
-0.08463786
-0.046769258
-0.032299478
-0.026073752
-0.023141908
-0.021657767
-0.020851532
-0.020377168
-0.020070108
-0.019848028
-0.019667888
-0.019506376
-0.019350562
-0.019193178
-0.019030154
-0.01885926
-0.01867936
-0.018489974
-0.018291019
-0.018082654
-0.017865185
-0.017639015
-0.017404594
-0.017162409
-0.01691296
-0.016656755
-0.016394302
-0.016126107
-0.015852667
-0.015574478
-0.0152920205
-0.015005772
-0.0147162
-0.01442376
-0.0141289
-0.01383206
-0.013533667
-0.0132341385
-0.012933884
-0.0126332985
